6273900, 0, 0
6255683.632368413, 0, 501103.1369440883
6201171.8268167805, 0.0000000001, 999299.7224618937
6110774.1283875955, 0.0000000001, 1491715.1013214746
5985165.377478177, 0.0000000001, 1975537.5776499126
5825274.412084499, 0.0000000001, 2448047.8545770976
5632268.838808814, 0.0000000002, 2906646.1413960955
5407536.414471043, 0.0000000002, 3348876.3331366815
5152663.674408742, 0.0000000002, 3772446.804665673
4869412.50064575, 0.0000000003, 4175247.511747424
4559695.342558824, 0.0000000003, 4555363.244483071
4225549.78693542, 0.0000000003, 4911083.024591707
3869113.128235653, 0.0000000003, 5240905.769125514
3492597.519907813, 0.0000000003, 5543542.453590622
3098266.201018688, 0.0000000004, 5817915.093584929
2688411.1965420046, 0.0000000004, 6063152.924733783
2265332.791102478, 0.0000000004, 6278586.196638442
1831320.9804678876, 0.0000000004, 6463738.010012048
1388639.017004082, 0.0000000004, 6618314.620461722
939509.0876929683, 0.0000000004, 6742194.611336875
486100.0979153758, 0.0000000004, 6835417.305696128
30517.4816600575, 0.0000000004, 6898170.747551763
-425205.081113786, 0.0000000004, 6930779.538518955
-879112.1874639767, 0.0000000004, 6933692.7706654575
-1329331.6401647092, 0.0000000004, 6907472.251963297
-1774077.9565234762, 0.0000000004, 6852781.178933915
-2211654.6335786893, 0.0000000004, 6770373.372960037
-2640455.3421898587, 0.0000000004, 6661083.162957982
-3058964.214621592, 0.0000000004, 6525815.967936349
-3465755.379423924, 0.0000000004, 6365539.608398262
-3859491.8847989836, 0.0000000004, 6181276.355356389
-4238924.138090239, 0.0000000004, 5974095.709569182
-4602887.975221302, 0.0000000004, 5745107.891040037
-4950302.460360707, 0.0000000003, 5495458.009381004
-5280167.5031667175, 0.0000000003, 5226320.878859527
-5591561.3689190885, 0.0000000003, 4938896.437371115
-5883638.145822139, 0.0000000003, 4634405.725798349
-6155625.22383805, 0.0000000003, 4314087.382855907
-6406820.830595501, 0.0000000002, 3979194.610256851
-6636591.662189655, 0.0000000002, 3630992.5635880567
-6844370.639988092, 0.0000000002, 3270756.1254170253
-7029654.818808444, 0.0000000002, 2899768.01867289
-7192003.466950077, 0.0000000002, 2519317.2200915627
-7331036.334452489, 0.0000000001, 2130697.635359543
-7446432.122523448, 0.0000000001, 1735206.9994310185
-7537927.164238766, 0.0000000001, 1334145.967247543
-7605314.32427447, 0.0000000001, 928817.3616971942
-7648442.123506442, 0, 520525.5470630742
-7667214.092722668, 0, 110575.8973943984
-7661588.358363262, -0, -299725.6698388955
-7631577.462061131, -0, -709073.123792288
-7577248.414732612, -0.0000000001, -1116160.7426082517
-7498722.984994921, -0.0000000001, -1519683.5566291055
-7396178.220699558, -0.0000000001, -1918337.8412102927
-7269847.201300921, -0.0000000001, -2310821.68838554
-7120020.017559402, -0.0000000002, -2695835.687417611
-6947044.973637411, -0.0000000002, -3072083.7453167536
-6751330.004911831, -0.0000000002, -3438274.079701767
-6533344.302719243, -0.0000000002, -3793120.4178864937
-6293620.134689413, -0.0000000003, -4135343.43775651
-6032754.846221147, -0.0000000003, -4463672.487803828
-5751413.024923075, -0.0000000003, -4776847.625540512
-5450328.805387045, -0.0000000003, -5073622.015326178
-5130308.286390532, -0.0000000003, -5352764.7283047605
-4792232.026446739, -0.0000000003, -5613063.988510244
-4437057.576454135, -0.0000000004, -5853330.910093849
-4065821.999973481, -0.0000000004, -6072403.770832908
-3679644.3223353717, -0.0000000004, -6269152.866349008
-3279727.839344662, -0.0000000004, -6442485.987490195
-2867362.2048404543, -0.0000000004, -6591354.559771355
-2443925.2038952536, -0.0000000004, -6714760.478227495
-2010884.105187759, -0.0000000004, -6811763.663083625
-1569796.4723593728, -0.0000000004, -6881490.350822284
-1122310.3003996762, -0.0000000004, -6923142.121062493
-670163.3298900826, -0.0000000004, -6936005.641696476
-215181.3800381179, -0.0000000004, -6919463.09255976
240724.468177636, -0.0000000004, -6873003.201237321
695562.0135942799, -0.0000000004, -6796232.793300462
1147263.5773798146, -0.0000000004, -6688888.723434588
1593693.3177037244, -0.0000000004, -6550850.013991186
2032656.3748830361, -0.0000000004, -6382149.984327192
2461909.9828668814, -0.0000000004, -6182988.109228896
2879176.64943973, -0.0000000004, -5953741.299670772
3282159.461855169, -0.0000000003, -5694974.256648026
3668559.5161253875, -0.0000000003, -5407448.511948237
4036095.3970183344, -0.0000000003, -5092129.742092988
4382524.553082541, -0.0000000003, -4750192.927210829
4705666.319058944, -0.0000000003, -4383024.929272689
5003426.240505585, -0.0000000002, -3992224.0875850366
5273821.257352197, -0.0000000002, -3579596.47657591
5515005.210604651, -0.0000000002, -3147148.54334122
5725294.056576059, -0.0000000002, -2697075.940020219
5903190.113197668, -0.0000000001, -2231748.4865927114
6047404.630150544, -0.0000000001, -1753691.3385596375
6156877.974573053, -0.0000000001, -1265562.5843184518
6230796.760769624, -0, -770127.6500662534
6268607.32682618, -0, -270231.035652954
6270025.071351989, 0, 231233.9675245875
6235039.304507337, 0, 731356.8255479007
6163913.43089556, 0.0000000001, 1227241.7626775992
6057180.457405545, 0.0000000001, 1716039.3753298484
5915633.995059509, 0.0000000001, 2194977.0407634038
5740315.088676269, 0.0000000002, 2661387.3630725523
5532495.351175181, 0.0000000002, 3112733.9965069965
5293656.992270673, 0.0000000002, 3546634.3119871323
5025470.408688184, 0.0000000002, 3960878.517252239
4729770.042641461, 0.0000000003, 4353444.993895968
4408529.218070393, 0.0000000003, 4722511.765439028
4063834.633692561, 0.0000000003, 5066464.150625129
3697861.133958818, 0.0000000003, 5383898.778272257
3312847.3004536116, 0.0000000003, 5673624.239505905
2911072.314507451, 0.0000000004, 5934658.727621473
2494834.443881262, 0.0000000004, 6166225.064892196
2066431.4086082673, 0.0000000004, 6367743.540854896
1628142.7885355519, 0.0000000004, 6538822.990769805
1182214.551558062, 0.0000000004, 6679250.529673154
730845.7094098142, 0.0000000004, 6788980.330687983
276177.0483874825, 0.0000000004, 6868121.799969139
-179718.1642697589, 0.0000000004, 6916927.458467079
-634841.6320151634, 0.0000000004, 6935780.7957474915
-1087275.7955796688, 0.0000000004, 6925184.315962885
-1535188.0850362324, 0.0000000004, 6885747.952699336
-1976833.8334004907, 0.0000000004, 6818177.98920603
-2410558.026906616, 0.0000000004, 6723266.584341944
-2834796.061258114, 0.0000000004, 6601881.972906265
-3248073.663764523, 0.0000000004, 6454959.381987776
-3649006.1295189704, 0.0000000004, 6283492.6824564105
-4036297.006628235, 0.0000000004, 6088526.776439091
-4408736.351761085, 0.0000000004, 5871150.7071751105
-4765198.663535945, 0.0000000003, 5632491.466580281
-5104640.5879705995, 0.0000000003, 5373708.467691364
-5426098.477672893, 0.0000000003, 5095988.643451415
-5728685.874863924, 0.0000000003, 4800542.129596525
-6011590.977803082, 0.0000000003, 4488598.487321085
-6274074.140772317, 0.0000000003, 4161403.4205812477
-6515465.449469262, 0.0000000002, 3820215.943040149
-6735162.406411749, 0.0000000002, 3466305.950506156
-6932627.754703852, 0.0000000002, 3100952.1560505815
-7107387.463176067, 0.0000000002, 2725440.3466326795
-7259028.891396018, 0.0000000001, 2341061.921867853
-7387199.149262369, 0.0000000001, 1949112.6774274886
-7491603.662747137, 0.0000000001, 1550891.7973690475
-7572004.954751931, 0.0000000001, 1147701.0213884416
-7628221.647904274, 0, 740843.9545094612
-7660127.694358882, 0, 331625.4880363376
-7667651.83620799, -0, -78648.6983367366
-7650777.298870067, -0, -488672.5825614737
-7609541.718747218, -0.0000000001, -897140.223194665
-7544037.305449834, -0.0000000001, -1302746.187822851
-7454411.237915891, -0.0000000001, -1704186.015550022
-7340866.292734928, -0.0000000001, -2100156.742494233
-7203661.701856329, -0.0000000002, -2489357.5198707613
-7043114.235548605, -0.0000000002, -2870490.355147061
-6859599.504909313, -0.0000000002, -3242261.007919094
-6653553.476328515, -0.0000000002, -3603380.0735546346
-6425474.188003014, -0.0000000002, -3952564.289242946
-6175923.655799022, -0.0000000003, -4288538.098836301
-5905529.952381014, -0.0000000003, -4610035.514703645
-5614989.439470424, -0.0000000003, -4915802.316665492
-5305069.1282783225, -0.0000000003, -5204598.629837423
-4976609.137478061, -0.0000000003, -5475201.924753037
-4630525.211458988, -0.0000000004, -5726410.484308668
-4267811.253955889, -0.0000000004, -5957047.382677431
-3889541.8234209553, -0.0000000004, -6165965.021148916
-3496874.526665677, -0.0000000004, -6352050.264586675
-3091052.2363616265, -0.0000000004, -6514230.219536225
-2673405.046017389, -0.0000000004, -6651478.690594697
-2245351.8631867277, -0.0000000004, -6762823.345057702
-1808401.5281504474, -0.0000000004, -6847353.606642144
-1364153.33150849, -0.0000000004, -6904229.2867773585
-914296.7905229321, -0.0000000004, -6932689.9460919695
-460610.5313381239, -0.0000000004, -6932064.958863261
-4960.1132284513, -0.0000000004, -6901784.228977929
450705.3771544664, -0.0000000004, -6841389.477146695
904358.13768793, -0.0000000004, -6750545.98568892
1353898.043624618, -0.0000000004, -6629054.649404959
1797160.7877404988, -0.0000000004, -6476864.139497813
2231927.9170299186, -0.0000000004, -6294082.94326082
2655938.887821769, -0.0000000004, -6080990.996917148
3066905.2222065986, -0.0000000004, -5838050.584769666
3462526.797123587, -0.0000000003, -5565916.137489394
3840510.233048303, -0.0000000003, -5265442.529285261
4198589.272510834, -0.0000000003, -4937691.45163528
4534546.951318437, -0.0000000003, -4583935.434208567
4846239.270289737, -0.0000000003, -4205659.095447348
5131619.976810725, -0.0000000002, -3804557.2393654813
5388765.969170501, -0.0000000002, -3382529.4738168176
5615902.749063689, -0.0000000002, -2941671.1096604853
5811429.276123754, -0.0000000002, -2484260.208839165
5973941.530165882, -0.0000000001, -2012740.7790806105
6102254.068521895, -0.0000000001, -1529702.2580770417
6195418.882437613, -0.0000000001, -1037855.5827708177
6252740.910646846, -0, -540006.2902711733
6273789.659682306, -0, -39025.2355400934
6258406.505755794, 0, 462182.3729924578
6206707.405513238, 0.0000000001, 960708.8344055006
6119080.913355376, 0.0000000001, 1453675.8816344785
5996181.580211137, 0.0000000001, 1938265.8386109595
5838918.980856853, 0.0000000001, 2411751.2129281
5648442.772802485, 0.0000000002, 2871522.0074637784
5426124.319781091, 0.0000000002, 3315110.1460351176
5173535.509898846, 0.0000000002, 3740210.543915353
4892425.458546889, 0.0000000003, 4144698.503724201
4584695.808501792, 0.0000000003, 4526643.270340613
4252375.326495232, 0.0000000003, 4884317.725383021
3897594.4515981395, 0.0000000003, 5216204.334330543
3522560.382404223, 0.0000000003, 5520997.571507939
3129533.2044375525, 0.0000000004, 5797603.136254587
2720803.4637652235, 0.0000000004, 6045134.336245793
2298671.494236315, 0.0000000004, 6262906.0517285345
1865428.7098521912, 0.0000000004, 6450426.70953414
1423340.9849907712, 0.0000000004, 6607388.691372686
974634.1667009334, 0.0000000004, 6733657.580923305
521481.6968978206, 0.0000000004, 6829260.622608115
65994.2687480016, 0.0000000004, 6894374.725501503
-389788.5993557279, 0.0000000004, 6929314.3020073585
-843905.217928159, 0.0000000004, 6934519.185618363
-1294476.7729436664, 0.0000000004, 6910542.827537931
-1739710.9387870412, 0.0000000004, 6858040.92988795
-2177904.2339427364, 0.0000000004, 6777760.634791546
-2607443.2923933887, 0.0000000004, 6670530.354488728
-3026805.216062587, 0.0000000004, 6537250.298113746
-3434557.1630228166, 0.0000000004, 6378883.725841765
-3829355.3136834567, 0.0000000004, 6196448.940595148
-4209943.343666311, 0.0000000004, 5991012.0110404305
-4575150.518266751, 0.0000000004, 5763680.206777026
-4923889.509812551, 0.0000000003, 5515596.116952471
-5255154.026250675, 0.0000000003, 5247932.416565805
-5568016.327171284, 0.0000000003, 4961887.239988354
-5861624.692371936, 0.0000000003, 4658680.118323403
-6135200.898053012, 0.0000000003, 4339548.435767145
-6388037.74683598, 0.0000000002, 4005744.359793951
-6619496.689983986, 0.0000000002, 3658532.2004872467
-6829005.573425525, 0.0000000002, 3299186.155433952
-7016056.533362098, 0.0000000002, 2928988.3980968003
-7180204.06229312, 0.0000000002, 2549227.469313724
-7321063.262124912, 0.0000000001, 2161196.9334142865
-7438308.297551356, 0.0000000001, 1766194.26228671
-7531671.060010191, 0.0000000001, 1365519.9124928408
-7600940.050141739, 0.0000000001, 960476.5621494061
-7645959.484722022, 0, 552368.4757233163
-7666628.632428852, 0, 142500.9660909949
-7662901.381451782, -0, -267820.0758397506
-7634786.040802639, -0, -677288.612970634
-7582345.376152849, -0.0000000001, -1084598.8839493478
-7505696.880049757, -0.0000000001, -1488445.843733308
-7405013.275380011, -0.0000000001, -1887525.651502729
-7280523.2498870585, -0.0000000001, -2280536.2351249903
-7132512.418343795, -0.0000000002, -2666177.962133849
-6961324.507560697, -0.0000000002, -3043154.4482144155
-6767362.7577000735, -0.0000000002, -3410173.535460432
-6551091.531292006, -0.0000000002, -3765948.474162366
-6313038.118824988, -0.0000000003, -4109199.3435550407
-6053794.726727971, -0.0000000003, -4438654.748749704
-5774020.629881579, -0.0000000003, -4753053.832927206
-5474444.466400812, -0.0000000003, -5051148.645690012
-5155866.647227204, -0.0000000003, -5331706.910147867
-4819161.846964211, -0.0000000003, -5593515.232705098
-4465281.5353023065, -0.0000000004, -5835382.800454198
-4095256.5002409057, -0.0000000004, -6056145.611349829
-3710199.305075621, -0.0000000004, -6254671.281688214
-3311306.610768529, -0.0000000004, -6429864.473552454
-2899861.283891741, -0.0000000004, -6580672.981460614
-2477234.197930279, -0.0000000004, -6706094.512082688
-2044885.6225297009, -0.0000000004, -6805184.183146346
-1604366.0815757334, -0.0000000004, -6877062.757067874
-1157316.547210605, -0.0000000004, -6920925.610955288
-705467.8236066132, -0.0000000004, -6936052.426974064
-250638.9622881264, -0.0000000004, -6921817.565234379
205265.459038621, -0.0000000004, -6877701.055043806
660259.3686648293, -0.0000000004, -6803300.109421518
1112280.720364393, -0.0000000004, -6698341.032277014
1559198.6720634869, -0.0000000004, -6562691.348023318
1998822.5833404937, -0.0000000004, -6396371.940435326
2428912.9697446446, -0.0000000004, -6199568.942584507
2847194.519343444, -0.0000000004, -5972645.0745503465
3251371.23221983, -0.0000000004, -5716150.082796033
3639143.6861572205, -0.0000000003, -5430829.897660119
4008228.361537703, -0.0000000003, -5117634.096924851
4356378.876580185, -0.0000000003, -4777721.24778312
4681408.892687191, -0.0000000003, -4412461.700725793
4981216.352408453, -0.0000000002, -4023437.4305997426
5253808.614256129, -0.0000000002, -3612438.565307995
5497327.955428543, -0.0000000002, -3181456.313067228
5710076.832407781, -0.0000000002, -2732672.0948321666
5890542.227754818, -0.0000000001, -2268442.807370406
6037418.376283003, -0.0000000001, -1791282.2801310464
6149627.161082996, -0.0000000001, -1303839.1388018285
6226335.50361165, -0, -808871.4416125749
6266969.143623827, -0, -309218.6009900265
6271222.312398997, 0, 192228.7674024975
6239062.941528641, 0, 692560.3237835095
6170733.211550257, 0.0000000001, 1188877.9998570092
6066745.419689105, 0.0000000001, 1678327.6727639385
5927873.322327345, 0.0000000001, 2158129.6957473317
5755139.273847738, 0.0000000002, 2625607.5219816538
5549797.6285383245, 0.0000000002, 3078213.7528730263
5313314.987746499, 0.0000000002, 3513553.066102964
5047347.95473952, 0.0000000002, 3929401.622173032
4753719.102281638, 0.0000000003, 4323722.700759102
4434391.8634652775, 0.0000000003, 4694678.469569322
4091445.0282887206, 0.0000000003, 5040637.929561185
3727047.47241273, 0.0000000003, 5360181.20411247
3343433.6673175185, 0.0000000003, 5652100.441113985
2942880.430075314, 0.0000000004, 5915397.673359082
2527685.2732855845, 0.0000000004, 6149280.033612749
2100146.6177349393, 0.0000000004, 6353152.747728858
1662546.0372422948, 0.0000000004, 6526610.334862766
1217132.620795915, 0.0000000004, 6669426.431766528
766109.4640137444, 0.0000000004, 6781542.632305455
311622.2414682423, 0.0000000004, 6863056.697650953
-144250.2362228525, 0.0000000004, 6914210.450753191
-599503.6119503981, 0.0000000004, 6935377.623863698
-1052213.8738057013, 0.0000000004, 6927051.882674506
-1500541.7186913523, 0.0000000004, 6889835.2070727805
-1942735.5637299565, 0.0000000004, 6824426.768011174
-2377133.3808771325, 0.0000000004, 6731612.40348456
-2802163.5246355403, 0.0000000004, 6612254.764577398
-3216344.713611414, 0.0000000004, 6467284.175155097
-3618285.3150439616, 0.0000000004, 6297690.225917736
-4006682.0683720205, 0.0000000004, 6104514.104937695
-4380318.370180704, 0.0000000004, 5888841.652072823
-4738062.229106689, 0.0000000003, 5651797.11333517
-5078863.985936054, 0.0000000003, 5394537.562927729
-5401753.881516767, 0.0000000003, 5118247.954776901
-5705839.543442417, 0.0000000003, 4824136.761545706
-5990303.451854658, 0.0000000003, 4513432.156917969
-6254400.4352147905, 0.0000000003, 4187378.6960381176
-6497455.238501416, 0.0000000002, 3847234.449070825
-6718860.198963761, 0.0000000002, 3494268.543646031
-6918073.058233782, 0.0000000002, 3129759.0732582165
-7094614.934193739, 0.0000000002, 2754991.3303131093
-7248068.471419948, 0.0000000001, 2371256.3243135866
-7378076.1851854995, 0.0000000001, 1979849.547529905
-7484339.010811437, 0.0000000001, 1582069.9523150674
-7566615.067516389, 0.0000000001, 1179219.1059313947
-7624718.643742746, 0, 772600.490291883
-7658519.4091496235, 0, 363518.9153479718
-7667941.856981142, -0, -46719.9840550317
-7652964.979269082, -0, -456810.1972112195
-7613622.176240106, -0.0000000001, -865445.761283196
-7550001.400301701, -0.0000000001, -1271321.188278378
-7462245.534010618, -0.0000000001, -1673131.923854076
-7350553.000416084, -0.0000000001, -2069574.8668607422
-7215178.603051118, -0.0000000002, -2459348.9791411716
-7056434.591548941, -0.0000000002, -2841156.0159909884
-6874691.947316753, -0.0000000002, -3213701.40883106
-6670381.881831181, -0.0000000002, -3575695.3330206233
-6443997.537848452, -0.0000000002, -3925853.99532085
-6196095.881064497, -0.0000000003, -4262901.177254212
-5927299.766428635, -0.0000000003, -4585570.072435634
-5638300.159316407, -0.0000000003, -4892605.457802192
-5329858.487009909, -0.0000000003, -5182766.240438332
-5002809.09032665, -0.0000000003, -5454828.423258028
-4658061.738688966, -0.0000000003, -5707588.534012912
-4296604.164362066, -0.0000000004, -5939867.562751946
-3919504.5629457855, -0.0000000004, -6150515.452738829
-3527913.9974534046, -0.0000000004, -6338416.188662878
-3123068.632455598, -0.0000000004, -6502493.523441458
-2706291.712872456, -0.0000000004, -6641717.380641501
-2278995.1891969875, -0.0000000004, -6755110.963136836
-1842680.8774588602, -0.0000000004, -6841758.589622159
-1398941.0284403304, -0.0000000004, -6900814.2685548235
-949458.1670199488, -0.0000000004, -6931511.003524625
-496004.0497097212, -0.0000000004, -6933170.804515715
-40437.5773047835, -0.0000000004, -6905215.3556564655
415298.5088742121, -0.0000000004, -6847177.261607872
869182.3231555368, -0.0000000004, -6758711.761669437
1319119.0992335735, -0.0000000004, -6639608.763206376
1762949.188735592, -0.0000000004, -6489805.004706331
2198457.9455643883, -0.0000000004, -6309396.114688009
2623387.6204217845, -0.0000000004, -6098648.287366588
3035451.3518771813, -0.0000000004, -5858009.251575473
3432349.2898023077, -0.0000000003, -5588118.168697017
3811786.8235801174, -0.0000000003, -5289814.061573822
4171494.811695565, -0.0000000003, -4964142.353310964
4509251.622702343, -0.0000000003, -4612359.0865170965
4822906.702955836, -0.0000000003, -4235932.403772446
5110405.288087755, -0.0000000002, -3836540.90236823
5369813.778453237, -0.0000000002, -3416068.533089774
5599345.210270478, -0.0000000002, -2976595.795018418
5797384.181135747, -0.0000000002, -2520387.0851057353
5962510.538346455, -0.0000000001, -2049874.1894978303
6093521.117638572, -0.0000000001, -1567636.0477847722
6189448.833688152, -0.0000000001, -1076375.0738548688
6249578.4749177825, -0, -578890.4684418365
6273458.643774675, -0, -78049.0984008078
6260909.406486653, 0, 423245.364122079
6212025.366962568, 0.0000000001, 922084.2623960275
6127174.048876411, 0.0000000001, 1415585.9065325684
6006989.647062641, 0.0000000001, 1900926.8197660975
5852362.382363632, 0.0000000001, 2375371.4797866163
5664423.851637878, 0.0000000002, 2836299.8311518403
5444528.896960416, 0.0000000002, 3281231.9541752264
5194234.617819364, 0.0000000002, 3707849.4099240797
4915277.213101606, 0.0000000003, 4114012.929935841
4609547.364875671, 0.0000000003, 4497776.272493943
4279064.86545271, 0.0000000003, 4857396.215001992
3925953.1474546203, 0.0000000003, 5191338.785886724
3552414.3099060035, 0.0000000003, 5498281.953356436
3160705.148877907, 0.0000000004, 5777115.07838975
2753114.6062842924, 0.0000000004, 6026935.5039586
2331942.951892697, 0.0000000004, 6247042.692157088
1899482.9173102258, 0.0000000004, 6436930.337668522
1458002.9112386846, 0.0000000004, 6596276.883026578
1009732.3659046683, 0.0000000004, 6724934.842208753
556849.1972026675, 0.0000000004, 6822919.308237965
101469.3065445803, 0.0000000004, 6890395.9815106755
-354361.9894405443, 0.0000000004, 6927669.011980622
-808676.745185627, 0.0000000004, 6935168.903035775
-1259589.5516471078, 0.0000000004, 6913440.680243446
-1705301.2544600281, 0.0000000004, 6863132.485840571
-2144101.401168144, 0.0000000004, 6784984.721100502
-2574369.590932962, 0.0000000004, 6679819.8242264595
-2994575.892772949, 0.0000000004, 6548532.741531179
-3403280.487960426, 0.0000000004, 6392082.124387675
-3799132.6798100374, 0.0000000004, 6211482.263587062
-4180869.400636167, 0.0000000004, 6007795.755978994
-4547313.331849298, 0.0000000004, 5782126.88517447
-4897370.739543092, 0.0000000003, 5535615.688195193
-5230029.114884143, 0.0000000003, 5269432.672787584
-5544354.696421624, 0.0000000003, 4984774.145228479
-5839489.940245544, 0.0000000003, 4682858.105413489
-6114650.993823511, 0.0000000003, 4364920.664459855
-6369125.220360324, 0.0000000002, 4032212.9396400256
-6602268.812629947, 0.0000000002, 3685998.381904038
-6813504.528372639, 0.0000000002, 3327550.492306562
-7002319.573458303, 0.0000000002, 2958150.8851263
-7168263.654005149, 0.0000000002, 2579087.657186529
-7310947.214418848, 0.0000000001, 2191654.0247221505
-7430039.874787853, 0.0000000001, 1797147.190985426
-7525269.078143876, 0.0000000001, 1396867.4095550426
-7596418.955683262, 0.0000000001, 992117.2099465476
-7643329.416059812, 0, 584200.7535691056
-7665895.463222777, 0, 174423.2892935853
-7664066.745907999, -0, -235909.3211342026
-7637847.340723238, -0, -645491.0369020416
-7587295.769731305, -0.0000000001, -1053016.0598153637
-7512525.252458427, -0.0000000001, -1457179.272385679
-7413704.1912744595, -0.0000000001, -1856676.7210197963
-7291056.888038697, -0.0000000001, -2250206.173465037
-7144864.488713165, -0.0000000002, -2636467.780404034
-6975466.151243419, -0.0000000002, -3014164.8721016715
-6783260.430322791, -0.0000000002, -3382004.922262734
-6568706.870611974, -0.0000000002, -3738700.712735968
-6332327.797501106, -0.0000000003, -4082971.734358214
-6074710.291490484, -0.0000000003, -4413545.861020034
-5796508.328637714, -0.0000000003, -4729161.335886323
-5498445.065183997, -0.0000000003, -5028569.110530644
-5181315.239333328, -0.0000000003, -5310535.579436168
-4845987.657127554, -0.0000000003, -5573845.753736759
-4493407.722352273, -0.0000000004, -5817306.919050808
-4124599.962353014, -0.0000000004, -6039752.822590456
-3740670.492488597, -0.0000000004, -6240048.434161404
-3342809.3516846434, -0.0000000004, -6417095.3239097465
-2932292.6302034636, -0.0000000004, -6569837.696383775
-2510484.2984117293, -0.0000000004, -6697269.115274603
-2078837.6321828882, -0.0000000004, -6798439.945653086
-1638896.1168949641, -0.0000000004, -6872465.530176165
-1192293.6981918036, -0.0000000004, -6918535.102119409
-740754.234328478, -0.0000000004, -6935921.420744827
-286089.9927617222, -0.0000000004, -6923991.093019293
169800.9763944653, -0.0000000004, -6882215.519740359
624938.7642103123, -0.0000000004, -6810182.373539347
1077267.0004404131, -0.0000000004, -6707607.481082254
1524659.897163369, -0.0000000004, -6574346.942454669
1964931.0994764348, -0.0000000004, -6410409.277976413
2395844.4832921578, -0.0000000004, -6215967.347809983
2815127.0086043575, -0.0000000004, -5991369.744526688
3220483.692874585, -0.0000000004, -5737151.315699273
3609614.712713073, -0.0000000003, -5454042.435613033
3980234.572782084, -0.0000000003, -5142976.61586312
4330093.199795611, -0.0000000003, -4805096.027823948
4656998.728759143, -0.0000000003, -4441754.509726166
4958841.65163175, -0.0000000002, -4054517.6510904157
5233619.900193908, -0.0000000002, -3645159.590578926
5479464.3410878545, -0.0000000002, -3215656.231781927
5694664.078702663, -0.0000000002, -2768174.6752299145
5877690.898158335, -0.0000000001, -2305058.78212235
6027222.143207555, -0.0000000001, -1828810.9216714753
6142161.318468228, -0.0000000001, -1342070.1030598935
6221655.736216383, -0.0000000001, -847586.8462565783
6265110.596612892, -0, -348195.2933729009
6272198.995237404, 0, 153216.8066273775
6242867.488444195, 0, 653739.502205729
6177337.007611913, 0.0000000001, 1150472.6246599737
6076099.087731809, 0.0000000001, 1640557.5170561676
5939907.5524560325, 0.0000000001, 2121207.6822308507
5769765.964961741, 0.0000000002, 2589737.580394441
5566911.300998682, 0.0000000002, 3043588.8991043447
5332794.41853207, 0.0000000002, 3480353.74040373
5069057.9815341225, 0.0000000002, 3897794.312257951
4777512.5409791, 0.0000000003, 4293858.863643846
4460111.484413631, 0.0000000003, 4666693.754467056
4118925.539862905, 0.0000000003, 5014651.6937265275
3756117.4657201315, 0.0000000003, 5336296.304645679
3373917.4824370737, 0.0000000003, 5630403.278728335
2974599.9116395228, 0.0000000004, 5895958.45908684
2560461.3908999693, 0.0000000004, 6132153.246346073
2133800.9342371216, 0.0000000004, 6338377.749198136
1696902.0147740191, 0.0000000004, 6514212.108898924
1252016.7608445305, 0.0000000004, 6659416.416178597
801352.2828230524, 0.0000000004, 6773919.614118651
347059.0864624607, 0.0000000004, 6857807.745492455
-108778.5201049555, 0.0000000004, 6911311.861573833
-564150.1547868096, 0.0000000004, 6934795.864715213
-1017125.3793611093, 0.0000000004, 6928744.511742306
-1465858.175700927, 0.0000000004, 6893751.761459072
-1908590.0560563148, 0.0000000004, 6830509.608779999
-2343651.983033849, 0.0000000004, 6739797.511164236
-2769465.2697489127, 0.0000000004, 6622472.480641285
-3184541.621705261, 0.0000000004, 6479459.886967602
-3587482.4704998657, 0.0000000004, 6311744.994253556
-3976977.736467306, 0.0000000004, 6120365.234484609
-4351804.14368158, 0.0000000004, 5906403.206346069
-4710823.196955106, 0.0000000003, 5670980.376199714
-5052978.917084136, 0.0000000003, 5415251.449480893
-5377295.417912566, 0.0000000003, 5140399.374722621
-5682874.397040411, 0.0000000003, 4847630.938427364
-5968892.601311239, 0.0000000003, 4538172.906696314
-6234599.318627516, 0.0000000003, 4213268.6685325205
-6479313.939164691, 0.0000000002, 3874175.3357472415
-6702423.621647514, 0.0000000002, 3522161.2551513813
-6903381.093949348, 0.0000000002, 3158503.8899862086
-7081702.61180059, 0.0000000002, 2784488.0291527915
-7236966.094755902, 0.0000000001, 2401404.284587576
-7368809.454676892, 0.0000000001, 2010547.8389859868
-7476929.128747219, 0.0000000001, 1613217.4078966612
-7561078.826357649, 0.0000000001, 1210714.381925288
-7621068.496993526, 0, 804342.1163378212
-7656763.524441533, 0, 395405.3367020822
-7668084.15113086, -0, -14790.3696893093
-7655005.135158021, -0, -424939.0060234967
-7617555.641446134, -0.0000000001, -833734.5906393819
-7555819.367488603, -0.0000000001, -1239871.5827279796
-7469934.903156945, -0.0000000001, -1642045.3376302589
-7360096.323046891, -0.0000000001, -2038952.6206052408
-7226554.008728554, -0.0000000001, -2429292.2085289867
-7069615.69698617, -0.0000000002, -2811765.609852325
-6889647.748611362, -0.0000000002, -3185077.9342673356
-6687076.630471638, -0.0000000002, -3547938.9449002077
-6462390.601341434, -0.0000000002, -3899064.3274077037
-6216141.589264628, -0.0000000003, -4237177.212084444
-5948947.244933357, -0.0000000003, -4561009.986913757
-5661493.15162673, -0.0000000003, -4869306.441344681
-5354535.167556993, -0.0000000003, -5160824.2823606515
-5028901.870932746, -0.0000000003, -5434338.065990533
-4685497.071576579, -0.0000000003, -5688642.588653727
-4325302.345451891, -0.0000000004, -5922556.7834384525
-3949379.5398959736, -0.0000000004, -6134928.166362692
-3558873.1876907786, -0.0000000004, -6324637.876589617
-3155012.757333756, -0.0000000004, -6490606.352149436
-2739114.655050847, -0.0000000004, -6631799.6785994675
-2312583.8813585727, -0.0000000004, -6747236.641824557
-1876915.231551293, -0.0000000004, -6835996.507401505
-1433693.9156973385, -0.0000000004, -6897227.537157527
-984595.4600630633, -0.0000000004, -6930156.23827044
-531384.7389788033, -0.0000000004, -6934097.32104634
-75913.9748502164, -0.0000000004, -6908464.317989711
379880.4646728386, -0.0000000004, -6852780.788696363
833982.6482020487, -0.0000000004, -6766692.002384242
1284303.216215805, -0.0000000004, -6649976.952728631
1728687.2389635649, -0.0000000004, -6502560.518639463
2164923.949214968, -0.0000000004, -6324525.54070096
2590758.47671986, -0.0000000004, -6116124.537702838
3003905.674141261, -0.0000000004, -5877790.743125725
3402066.074677672, -0.0000000003, -5610148.100299094
3782943.959172244, -0.0000000003, -5314019.820497986
4144267.4356305334, -0.0000000003, -4990435.084206996
4483810.348210251, -0.0000000003, -4640633.456131808
4799415.738633434, -0.0000000003, -4266066.593198636
5089020.484671743, -0.0000000002, -3868396.855222253
5350680.643257057, -0.0000000002, -3449492.482689997
5582596.936364324, -0.0000000002, -3011419.08633494
5783139.743307571, -0.0000000002, -2556427.2981183073
5950872.910812996, -0.0000000001, -2086936.5599666943
6084575.668910659, -0.0000000001, -1605515.1698094055
6183261.951601978, -0.0000000001, -1114856.8566404996
6246196.469498335, -0, -617754.3081884831
6272906.967412936, -0, -117070.2159944677
6263192.220255915, 0, 384293.4771220195
6217125.4693741985, 0.0000000001, 883427.3524577863
6135053.169771166, 0.0000000001, 1377446.486850928
6017589.095549091, 0.0000000001, 1863521.7832408054
5865604.024668894, 0.0000000001, 2338909.8562682485
5680211.383269048, 0.0000000002, 2800980.7417436377
5462749.364371581, 0.0000000002, 3247242.8058536868
5214760.138302012, 0.0000000002, 3675364.3626318406
4937966.8380768765, 0.0000000003, 4083191.6564254267
4634249.031131103, 0.0000000003, 4468763.0193572445
4305617.380876616, 0.0000000003, 4830319.162229787
3954188.1620530984, 0.0000000003, 5166309.692537727
3582158.228811799, 0.0000000003, 5475396.06887347
3191780.951101045, 0.0000000004, 5756451.293000036
2785343.5405524746, 0.0000000004, 6008556.707479401
2365146.0885840296, 0.0000000004, 6230996.308297919
1933482.5427791579, 0.0000000004, 6423249.000371175
1492623.7574690878, 0.0000000004, 6584979.222238723
1044802.6741859862, 0.0000000004, 6716026.348439014
592201.6193118742, 0.0000000004, 6816393.247979123
136941.6506972175, 0.0000000004, 6886234.338856995
-318926.1577904454, 0.0000000004, 6925843.435251607
-773427.6356834401, 0.0000000004, 6935641.638746243
-1224670.8013388722, 0.0000000004, 6916165.480168828
-1670849.6863690643, 0.0000000004, 6868055.476101892
-2110246.8754639477, 0.0000000004, 6792045.225061654
-2541234.9354173345, 0.0000000004, 6688951.133516642
-2962276.9001061753, 0.0000000004, 6559662.831663921
-3371925.9679432465, 0.0000000004, 6405134.31325248
-3768824.5560523025, 0.0000000004, 6226375.81255965
-4151702.842009358, 0.0000000004, 6024446.414563006
-4519376.910193006, 0.0000000004, 5800447.380986001
-4870746.606140546, 0.0000000003, 5555516.16476642
-5204793.189206705, 0.0000000003, 5290821.078137086
-5520576.861557531, 0.0000000003, 5007556.574454144
-5817234.240260205, 0.0000000003, 4706939.100742425
-6093975.829043989, 0.0000000003, 4390203.476266441
-6350083.537236485, 0.0000000002, 4058599.7519410495
-6584908.285400785, 0.0000000002, 3713390.5057806964
-6797867.730264328, 0.0000000002, 3355848.530603219
-6988444.135565528, 0.0000000002, 2987254.8716516285
-7156182.410368849, 0.0000000002, 2608897.1735013104
-7300688.332114994, 0.0000000001, 2222068.2974551395
-7421626.968094179, 0.0000000001, 1828065.172476177
-7518721.30605984, 0.0000000001, 1428187.8444880228
-7591751.102249205, 0.0000000001, 1023738.6905217966
-7640551.953062849, 0, 616021.7656484441
-7665014.59499344, 0, 206342.2518745007
-7665084.4360095505, -0, -203994.0208275562
-7640761.320421356, -0, -613681.0104700236
-7592099.528209081, -0.0000000001, -1021412.8846536998
-7519208.008817114, -0.0000000001, -1425884.456354394
-7422250.848438287, -0.0000000001, -1825791.6625651156
-7301447.96876825, -0.0000000001, -2219832.114902482
-7157076.054030967, -0.0000000002, -2606705.7520044427
-6989469.701693869, -0.0000000002, -2985115.6245333194
-6799022.790631163, -0.0000000002, -3353768.8448377363
-6586190.058481253, -0.0000000002, -3711377.7347861403
-6351488.877496617, -0.0000000002, -4056661.2069314006
-6095501.21521664, -0.0000000003, -4388346.415946675
-5818875.762719317, -0.0000000003, -4705170.719119206
-5522330.208927524, -0.0000000003, -5005883.986524728
-5206653.634375751, -0.0000000003, -5289251.303209328
-4872708.991882854, -0.0000000003, -5554056.107156102
-4521435.634648128, -0.0000000004, -5799103.807833146
-4153851.8443152425, -0.0000000004, -6023225.930508912
-3771057.3024838655, -0.0000000004, -6225284.831032316
-3374235.4389692238, -0.0000000004, -6404179.024121742
-2964655.5788461594, -0.0000000004, -6558849.165049858
-2543674.798050892, -0.0000000004, -6688284.719571324
-2112739.3842232884, -0.0000000004, -6791531.349592487
-1673385.7858242483, -0.0000000004, -6867699.031972321
-1227240.9187632324, -0.0000000004, -6915970.914498582
-776021.6863615443, -0.0000000004, -6935612.896042255
-321533.5561960575, -0.0000000004, -6925983.8967344975
134331.9728750966, -0.0000000004, -6886546.758407745
589601.1872874565, -0.0000000004, -6816879.685316935
1042223.435333253, -0.0000000004, -6716688.100353292
1490078.0367495646, -0.0000000004, -6585816.752932374
1930982.9874608149, -0.0000000004, -6424261.872223832
2362705.6015159576, -0.0000000004, -6232183.114617401
2782975.201470257, -0.0000000004, -6009915.009065489
3189497.9257173054, -0.0000000004, -5757977.56058252
3579973.6658023843, -0.0000000003, -5477085.633685743
3952115.0784749375, -0.0000000003, -5168156.707428721
4303668.537043905, -0.0000000003, -4832316.5757763265
4632436.7965148855, -0.0000000003, -4470902.565394142
4936303.05035589, -0.0000000003, -4085463.8612425094
5213255.958252027, -0.0000000002, -3677758.5717780907
5461415.129795177, -0.0000000002, -3249747.2320356015
5679056.46560069, -0.0000000002, -2803582.5347074657
5864636.692195829, -0.0000000001, -2341595.194833648
6016816.387330038, -0.0000000001, -1866275.9888349234
6134480.784280766, -0.0000000001, -1380254.1570186766
6216757.671632653, -0.0000000001, -886272.5119523003
6263031.770719263, -0, -387159.7433645392
6272955.07521556, 0, 114199.4569916443
6246452.7717904365, 0, 614895.71986454
6183724.51976185, 0.0000000001, 1112026.968630558
6085241.04139666, 0.0000000001, 1602730.1981945073
5951736.151421046, 0.0000000001, 2084212.2356518803
5784194.522682289, 0.0000000002, 2553778.7075520246
5583835.633834103, 0.0000000002, 3008860.5281728613
5352094.465468037, 0.0000000002, 3447037.3432501955
5090599.59711042, 0.0000000002, 3866057.504729049
4801149.405959132, 0.0000000003, 4263854.303933398
4485687.079358119, 0.0000000003, 4638558.342754585
4146275.1298672543, 0.0000000003, 4988506.065734462
3785070.049655885, 0.0000000003, 5312244.602755796
3404297.666549468, 0.0000000003, 5608533.1771341385
3006229.674717145, 0.0000000004, 5876341.414277749
2593161.7159142746, 0.0000000004, 6114844.94099245
2167393.288885547, 0.0000000004, 6323418.696081287
1731209.670382757, 0.0000000004, 6501628.381665499
1286865.9453388413, 0.0000000004, 6649220.475097694
836573.168793188, 0.0000000004, 6766111.197372581
382486.6196741735, 0.0000000004, 6852374.799535872
-73303.9430769104, 0.0000000004, 6908231.48747735
-528782.1487277793, 0.0000000004, 6934035.2609381545
-982011.15975074, 0.0000000004, 6930261.897269035
-1431138.2617290574, 0.0000000004, 6897497.266546368
-1874398.0735767088, 0.0000000004, 6836426.12360384
-2310114.553919327, 0.0000000004, 6747821.485365183
-2736701.974663064, 0.0000000004, 6632534.66912168
-3152665.024106848, 0.0000000004, 6491486.039287099
-3556598.190653587, 0.0000000004, 6325656.486616419
-3947184.5652785655, 0.0000000004, 6136079.644638965
-4323194.1872503, 0.0000000004, 5923834.832752994
-4683482.043805619, 0.0000000003, 5690040.703616793
-5026985.821048035, 0.0000000003, 5435849.563676344
-5352723.490596911, 0.0000000003, 5162442.32942744
-5659790.804690491, 0.0000000003, 4871024.077878289
-5947358.761669717, 0.0000000003, 4562820.14725052
-6214671.094097166, 0.0000000003, 4239072.742872853
-6461041.823203777, 0.0000000002, 3901038.003164682
-6685852.915863991, 0.0000000002, 3549983.4813141366
-6888552.073826138, 0.0000000002, 3187185.9994890275
-7068650.679377441, 0.0000000002, 2813929.834008591
-7225721.916926542, 0.0000000001, 2431505.191680278
-7359399.086038598, 0.0000000001, 2041206.9393590577
-7469374.11817072, 0.0000000001, 1644333.5506129684
