1799439.6957748793, -6018615.081790059, 1100346.4875313193
1825755.4622000076, -6010684.239252009, 1100347.7097526835
1852036.2772844513, -6002638.334428757, 1100348.9300092515
1878281.6379359534, -5994477.521342602, 1100350.14827763
1904491.0417407327, -5986201.956215647, 1100351.3645344991
1930663.9869734775, -5977811.797466628, 1100352.578756567
1956799.9726069598, -5969307.20570787, 1100353.7909205547
1982898.4983212491, -5960688.343742371, 1100355.0010032589
2008959.064513557, -5951955.376560584, 1100356.2089815
2034981.1723077695, -5943108.471337241, 1100357.414832132
2060964.323563981, -5934147.79742823, 1100358.6185320672
2086908.020888019, -5925073.526367267, 1100359.8200582406
2112811.7676410815, -5915885.831862656, 1100361.0193876503
2138675.067948848, -5906584.889794005, 1100362.2164973058
2164497.426711466, -5897170.878208796, 1100363.4113642853
2190278.349612975, -5887643.977318926, 1100364.6039657043
2216017.3431303776, -5878004.369497398, 1100365.7942787204
2241713.914543403, -5868252.239274751, 1100366.9822805263
2267367.571943865, -5858387.773335523, 1100368.1679483699
2292977.8242450804, -5848411.160514677, 1100369.351259538
2318544.1811912796, -5838322.591794038, 1100370.532191366
2344066.1533670453, -5828122.260298523, 1100371.7107212422
2369543.2522062906, -5817810.361292667, 1100372.8868265832
2394974.990002431, -5807387.092176534, 1100374.0604848582
2420360.8799169036, -5796852.652482287, 1100375.2316735918
2445700.4359889682, -5786207.243870125, 1100376.4003703566
2470993.1731444295, -5775451.070124727, 1100377.5665527564
2496238.6072061006, -5764584.337150798, 1100378.7301984513
2521436.2549018203, -5753607.252969714, 1100379.8912851661
2546585.6338740354, -5742520.027715346, 1100381.049790658
2571686.2626896882, -5731322.873629857, 1100382.2056922736
2596737.660848669, -5720016.005059655, 1100383.3589687776
2621739.3487931723, -5708599.638451708, 1100384.509597632
2646690.8479171284, -5697073.992348951, 1100385.65755679
2671591.6805754816, -5685439.28738614, 1100386.8028242681
2696441.3700926024, -5673695.746285971, 1100387.9453781312
2721239.440772105, -5661843.5938544385, 1100389.0851964876
2745985.417905948, -5649883.056976656, 1100390.2222575173
2770678.827783022, -5637814.364612587, 1100391.3565394199
2795319.1976986304, -5625637.7477926295, 1100392.4880204843
2819906.0559634063, -5613353.439613154, 1100393.6166790407
2844438.93191233, -5600961.675232027, 1100394.7424934516
2868917.3559138086, -5588462.691864203, 1100395.8654421745
2893340.8593786615, -5575856.728777042, 1100396.9855036968
2917708.9747687364, -5563144.027285981, 1100398.1026565498
2942021.23560666, -5550324.830749508, 1100399.2168793324
2966277.17648397, -5537399.384564917, 1100400.3281507324
2990476.3330703937, -5524367.936163349, 1100401.4364494355
3014618.242122597, -5511230.7350052325, 1100402.5417542271
3038702.44149347, -5497988.0325752115, 1100403.6440439224
3062728.4701401494, -5484640.082377809, 1100404.743297426
3086695.86813365, -5471187.139932128, 1100405.8394936686
3110604.176667258, -5457629.462767169, 1100406.9326116638
3134452.9380654264, -5443967.310416859, 1100408.0226304652
3158241.6957925064, -5430200.944415107, 1100409.1095291935
3181969.994461422, -5416330.628290803, 1100410.1932870345
3205637.3798426855, -5402356.627562638, 1100411.27388323
3229243.398872642, -5388279.209734233, 1100412.3512970777
3252787.599662529, -5374098.6442888575, 1100413.4255079404
3276269.5315066623, -5359815.202684518, 1100414.4964952525
3299688.7448918223, -5345429.15834826, 1100415.5642384896
3323044.7915050876, -5330940.786671469, 1100416.6287172018
3346337.224242923, -5316350.365004272, 1100417.689911005
3369565.5972191975, -5301658.172650511, 1100418.7477995604
3392729.4657745706, -5286864.490861949, 1100419.8023626097
3415828.3864841973, -5271969.602833365, 1100420.8535799729
3438861.917166572, -5256973.793696824, 1100421.901431487
3461829.6168919113, -5241877.350516425, 1100422.9458971024
3484731.04599089, -5226680.5622824505, 1100423.9869567957
3507565.7660623873, -5211383.719906423, 1100425.0245906413
3530333.3399825674, -5195987.116214981, 1100426.0587787526
3553033.3319129664, -5180491.045944474, 1100427.0895013195
3575665.3073085686, -5164895.805735565, 1100428.1167386156
3598228.832926814, -5149201.6941270055, 1100429.1404709537
3620723.4768352443, -5133409.011550373, 1100430.1606787154
3643148.8084198097, -5117518.060324365, 1100431.1773423823
3665504.3983937334, -5101529.144648506, 1100432.1904424625
3687789.81880498, -5085442.570597858, 1100433.1999595556
3710004.6430448676, -5069258.646116911, 1100434.2058743276
3732148.445856143, -5052977.681013724, 1100435.2081675148
3754220.8033411466, -5036599.986953924, 1100436.2068199161
3776221.292969697, -5020125.877455015, 1100437.201812394
3798149.4935876, -5003555.667879986, 1100438.193125898
3820004.9854244078, -4986889.675431537, 1100439.1807414424
3841787.350101525, -4970128.219145918, 1100440.1646401044
3863496.170640176, -4953271.619886914, 1100441.14480305
3885131.031469685, -4936320.200339385, 1100442.1212114925
3906691.5184347983, -4919274.285003684, 1100443.0938467318
3928177.2188042514, -4902134.2001888435, 1100444.0626901425
3949587.72127836, -4884900.274006666, 1100445.027723167
3970922.615996971, -4867572.836365413, 1100445.9889269145
3992181.494547198, -4850152.218963183, 1100446.9462837763
4013363.949971504, -4832638.755282028, 1100447.8997750273
4034469.5767750563, -4815032.780581405, 1100448.8493823856
4055497.9709339608, -4797334.631891552, 1100449.7950876663
4076448.7299027145, -4779544.648007242, 1100450.736872754
4097321.452621999, -4761663.169481261, 1100451.6747196205
4118115.739526313, -4743690.538617836, 1100452.608610291
4138831.1925516063, -4725627.099466218, 1100453.5385268852
4159467.415143186, -4707473.197813733, 1100454.464451586
4180024.012262676, -4689229.18117978, 1100455.3863666598
4200500.590396233, -4670895.398808612, 1100456.3042544425
4220896.757561812, -4652472.201662838, 1100457.2180973673
4241212.123316479, -4633959.9424169315, 1100458.1278779302
4261446.298764255, -4615358.975450072, 1100459.0335786883
4281598.89656332, -4596669.65683964, 1100459.935182292
4301669.530933536, -4577892.34435433, 1100460.8326714924
4321657.817663724, -4559027.397447296, 1100461.7260291018
4341563.374119176, -4540075.177249208, 1100462.6152379764
4361385.819248702, -4521036.046561595, 1100463.500281115
4381124.773592279, -4501910.3698495235, 1100464.3811415518
4400779.859288157, -4482698.513234791, 1100465.2578024156
4420350.700079893, -4463400.844489155, 1100466.130246928
4439836.92132392, -4444017.733026842, 1100466.998458363
4459238.149996461, -4424549.549897786, 1100467.862420097
4478554.014700782, -4404996.667780442, 1100468.7221155744
4497784.145674246, -4385359.460974663, 1100469.5775283426
4516928.174795479, -4365638.305394446, 1100470.428642001
4535985.73559122, -4345833.57856095, 1100471.2754402598
4554956.463243474, -4325945.659595135, 1100472.1179068936
4573839.9945966825, -4305974.929210305, 1100472.9560257653
4592635.968164211, -4285921.769705289, 1100473.7897808226
4611344.024135757, -4265786.56495665, 1100474.6191561082
4629963.804383978, -4245569.70041154, 1100475.444135718
4648494.952471185, -4225271.5630805725, 1100476.2647038568
4666937.113656713, -4204892.541529794, 1100477.0808448168
4685289.934903179, -4184433.025873775, 1100477.8925429396
4703553.064883402, -4163893.4077680875, 1100478.699782717
4721726.15398712, -4143274.0804016567, 1100479.5025486508
4739808.854327938, -4122575.4384891214, 1100480.300825389
4757800.819749478, -4101797.8782636644, 1100481.0945976255
4775701.705832529, -4080941.7974690357, 1100481.883850175
4793511.169901373, -4060007.595352061, 1100482.6685679033
4811228.871030265, -4038995.6726552006, 1100483.4487357829
4828854.470050024, -4017906.431608768, 1100484.224338878
4846387.629554872, -3996740.2759228554, 1100484.9953623302
4863828.013908449, -3975497.6107800417, 1100485.7617913634
4881175.289250141, -3954178.8428278905, 1100486.5236113071
4898429.123502024, -3932784.3801703597, 1100487.2808075687
4915589.18637487, -3911314.632360517, 1100488.0333656408
4932655.149374391, -3889770.010392734, 1100488.7812711094
4949626.685807664, -3868150.9266946996, 1100489.5245096497
4966503.470789528, -3846457.7951193266, 1100490.2630670378
4983285.181248459, -3824691.030937201, 1100490.9969291054
4999971.495932967, -3802851.050828478, 1100491.726081811
5016562.095417829, -3780938.272874732, 1100492.450511191
5033056.662110068, -3758953.116551105, 1100493.170203358
5049454.880254904, -3736896.0027184817, 1100493.885144527
5065756.435942245, -3714767.353614891, 1100494.5953210238
5081961.017111996, -3692567.592848222, 1100495.3007192267
5098068.313560798, -3670297.145387321, 1100496.0013252823
5114078.016947552, -3647956.437553966, 1100496.6971264686
5129989.820799121, -3625545.8970155697, 1100497.3881091103
5145803.420516779, -3603065.9527757633, 1100498.0742599694
5161518.513381479, -3580517.0351671455, 1100498.7555659031
5177134.798560084, -3557899.57584237, 1100499.4320138497
5192651.977110738, -3535214.0077664787, 1100500.1035908842
5208069.751989009, -3512460.7652079444, 1100500.7702841163
5223387.828053002, -3489640.2837312464, 1100501.4320807895
5238605.912069693, -3466753.0001874967, 1100502.0889682146
5253723.712720021, -3443799.352706897, 1100502.7409338215
5268740.940604672, -3420779.7806899687, 1100503.3879651185
5283657.308249577, -3397694.724799309, 1100504.0300497208
5298472.530111536, -3374544.6269508307, 1100504.66717532
5313186.3225834025, -3351329.93030585, 1100505.2993297186
5327798.403999875, -3328051.0792620033, 1100505.9265008047
5342308.49464261, -3304708.519445151, 1100506.5486765644
5356716.316745532, -3281302.6977009894, 1100507.1658450887
5371021.594500555, -3257834.062085769, 1100507.777994549
5385224.054062454, -3234303.0618583965, 1100508.3851132188
5399323.4235541355, -3210710.1474718656, 1100508.9871894745
5413319.433072202, -3187055.770563933, 1100509.5842117872
5427211.8146917345, -3163340.383949138, 1100510.1761687146
5441000.302471444, -3139564.4416101854, 1100510.7630489208
5454684.632459082, -3115728.398688595, 1100511.344841172
5468264.542696282, -3091832.7114763795, 1100511.9215343092
5481739.7732233815, -3067877.837407724, 1100512.4931173045
5495110.066084761, -3043864.235049512, 1100513.0595792057
5508375.16533356, -3019792.364092915, 1100513.6209091544
5521534.817036647, -2995662.6853445666, 1100514.177096393
5534588.769279479, -2971475.6607177015, 1100514.7281302921
5547536.772170887, -2947231.753223316, 1100515.2740002824
5560378.577847947, -2922931.426961242, 1100515.8146959115
5573113.940480493, -2898575.1471116524, 1100516.350206823
5585742.616276237, -2874163.3799253516, 1100516.8805227606
5598264.363485061, -2849696.592715576, 1100517.4056335716
5610678.942403664, -2825175.2538490463, 1100517.9255291857
5622986.115380543, -2800599.8327362165, 1100518.440199649
5635185.646819982, -2775970.7998233773, 1100518.9496351117
5647277.303186999, -2751288.6265827958, 1100519.453825809
5659260.853011629, -2726553.785504075, 1100519.9527620887
5671136.066893396, -2701766.750084961, 1100520.446434387
5682902.717505621, -2676927.9948226037, 1100520.9348332668
5694560.579599948, -2652037.995203872, 1100521.4179493487
5706109.430010445, -2627097.2276969664, 1100521.8957733903
5717549.047658092, -2602106.1697416645, 1100522.368296247
5728879.213554842, -2577065.2997405315, 1100522.8355088606
5740099.71080794, -2551975.0970496163, 1100523.2974022822
5751210.324623894, -2526836.0419695713, 1100523.753967667
5762210.842312802, -2501648.615735988, 1100524.2051962595
5773101.053292371, -2476413.3005104354, 1100524.6510794451
5783880.749091771, -2451130.579371363, 1100525.0916086584
5794549.723355791, -2425800.9363047215, 1100525.5267754626
5805107.7718488425, -2400424.856194517, 1100525.956571537
5815554.692458715, -2375002.8248137888, 1100526.380988636
5825890.285200567, -2349535.328815121, 1100526.8000186384
5836114.352220627, -2324022.855721602, 1100527.213653516
5846226.6978000635, -2298465.8939173147, 1100527.6218853472
5856227.128358772, -2272864.9326378107, 1100528.0247063115
5866115.452459095, -2247220.461960852, 1100528.4221086986
5875891.480809199, -2221532.9727976657, 1100528.8140846211
5885555.026267153, -2195802.9568821685, 1100529.200627124
5895105.903844118, -2170030.9067630135, 1100529.5817285068
5904543.930708157, -2144217.315793177, 1100529.957381485
5913868.926187638, -2118362.6781208627, 1100530.3275788631
5923080.711774588, -2092467.4886801895, 1100530.692313549
5932179.111128272, -2066532.2431814717, 1100531.0515785608
5941163.950078446, -2040557.4381019017, 1100531.4053670121
5950035.056628891, -2014543.5706756283, 1100531.7536721434
5958792.260960318, -1988491.138885134, 1100532.0964872548
5967435.395434106, -1962400.6414505844, 1100532.4338058038
5975964.294595147, -1936272.5778210554, 1100532.7656213176
5984378.795175054, -1910107.4481651066, 1100533.0919274464
5992678.736095581, -1883905.7533600833, 1100533.4127179338
6000863.958471332, -1857667.9949838747, 1100533.7279866328
6008934.305613018, -1831394.6753045963, 1100534.037727531
6016889.623030368, -1805086.2972710822, 1100534.341934666
6024729.758435136, -1778743.364503296, 1100534.6406022226
6032454.561744017, -1752366.3812826895, 1100534.933724491
6040063.885081473, -1725955.8525425266, 1100535.2212958355
6047557.582782626, -1699512.2838581586, 1100535.5033107623
6054935.511395938, -1673036.1814377513, 1100535.7797638634
6062197.529686141, -1646528.0521118413, 1100536.0506498562
6069343.498636811, -1619988.4033240434, 1100536.3159635384
6076373.281452969, -1593417.7431217935, 1100536.5756998397
6083286.743563836, -1566816.5801458196, 1100536.8298537666
6090083.752625391, -1540185.4236207712, 1100537.0784204714
6096764.178522775, -1513524.7833457165, 1100537.321395183
6103327.893372969, -1486835.1696838732, 1100537.5587732596
6109774.771527102, -1460117.0935530923, 1100537.790550136
6116104.689572876, -1433371.0664163483, 1100538.0167213865
6122317.526337015, -1406597.6002714043, 1100538.237282673
6128413.162887492, -1379797.2076413943, 1100538.4522297783
6134391.482535827, -1352970.4015648905, 1100538.6615585731
6140252.370839368, -1326117.695586098, 1100538.865265063
6145995.715603423, -1299239.6037449338, 1100539.0633453354
6151621.406883392, -1272336.6405675523, 1100539.255795598
6157129.336986983, -1245409.3210559352, 1100539.442612175
6162519.400476168, -1218458.1606783257, 1100539.6237914758
6167791.494169211, -1191483.6753596202, 1100539.799330039
6172945.517142697, -1164486.3814708618, 1100539.969224492
6177981.370733408, -1137466.795820075, 1100540.1334715867
6182898.958540253, -1110425.435641752, 1100540.2920681862
6187698.186426128, -1083362.8185872072, 1100540.4450112432
6192378.9625196215, -1056279.46271485, 1100540.5922978334
6196941.197216855, -1029175.8864801014, 1100540.7339251265
6201384.803183226, -1002052.6087251795, 1100540.8698904132
6205709.695355, -974910.1486697365, 1100541.0001910944
6209915.790940972, -947749.0259006079, 1100541.1248246757
6214003.009424079, -920569.7603616328, 1100541.243788762
6217971.272562891, -893372.8723443155, 1100541.3570810873
6221820.504393152, -866158.8824771359, 1100541.4646994676
6225550.631229192, -838928.3117163233, 1100541.5666418485
6229161.581665418, -811681.6813350655, 1100541.662906276
6232653.286577544, -784419.5129146031, 1100541.7534909109
6236025.679124066, -757142.3283329885, 1100541.8383940198
6239278.694747435, -729850.649756012, 1100541.9176139692
6242412.2711753035, -702544.9996271743, 1100541.9911492374
6245426.348421815, -675225.9006569013, 1100542.058998432
6248320.868788631, -647893.8758134283, 1100542.1211602427
6251095.776866085, -620549.4483124181, 1100542.1776333079
6253751.019534237, -593193.141606817, 1100542.2284168974
6256286.545963947, -565825.4793768451, 1100542.2735098647
6258702.307617717, -538446.9855205542, 1100542.312911328
6260998.258250757, -511058.1841430883, 1100542.3466205457
6263174.353911819, -483659.5995466346, 1100542.3746368783
6265230.5529439915, -456251.7562211929, 1100542.39695979
6267166.815985554, -428835.17883365, 1100542.4135888359
6268983.105970746, -401410.3922180869, 1100542.4245237187
6270679.388130377, -373977.9213659973, 1100542.4297642075
6272255.629992637, -346538.2914157165, 1100542.4293102184
6273711.801383602, -319092.0276427045, 1100542.4231617646
6275047.874427843, -291639.6554494151, 1100542.4113189466
6276263.823548986, -264181.7003552392, 1100542.393782
6277359.625470187, -236718.6879863455, 1100542.370551264
6278335.259214548, -209251.1440659878, 1100542.3416271796
6279190.706105569, -181779.5944038951, 1100542.3070102995
6279925.949767473, -154304.5648864815, 1100542.2667012913
6280540.97612552, -126826.5814669547, 1100542.2207009187
6281035.773406321, -99346.1701550572, 1100542.169010087
6281410.332137943, -71863.857006846, 1100542.1116297506
6281664.645150273, -44380.1681148685, 1100542.0485610347
6281798.707574989, -16895.6295979153, 1100541.979805138
6281812.516845739, 10589.2324087759, 1100541.9053633772
6281706.072698193, 38073.8917637793, 1100541.8252371885
6281479.377169975, 65557.8223298155, 1100541.7394280937
6281132.434600727, 93040.4979832829, 1100541.6479377393
6280665.251631946, 120521.3926246949, 1100541.5507678827
6280077.837206895, 147999.9801885732, 1100541.447920381
6279370.202570411, 175475.7346538706, 1100541.3393971995
6278542.361268722, 202948.1300534112, 1100541.2252004305
6277594.329149147, 230416.640484679, 1100541.1053322498
6276526.124359811, 257880.7401192682, 1100540.9797949623
6275337.767349313, 285339.9032132924, 1100540.8485909654
6274029.280866304, 312793.6041173651, 1100540.7117227763
6272600.689959077, 340241.3172866651, 1100540.5691930074
6271052.02197508, 367682.5172909815, 1100540.4210044034
6269383.306560387, 395116.6788248057, 1100540.267159799
6267594.575659117, 422543.2767174412, 1100540.1076621264
6265685.863512904, 449961.7859425414, 1100539.9425144624
6263657.206660072, 477371.6816293965, 1100539.7717199493
6261508.643935116, 504772.4390716576, 1100539.5952818766
6259240.216467877, 532163.533737815, 1100539.4132036166
6256851.967682746, 559544.4412816041, 1100539.225488659
6254343.943297829, 586914.6375517691, 1100539.0321405856
6251716.191324141, 614273.5986018325, 1100538.8331631226
6248968.762064591, 641620.8007006617, 1100538.6285600588
6246101.708113084, 668955.7203422235, 1100538.4183353363
6243115.0843534805, 696277.8342553396, 1100538.2024929598
6240008.947958592, 723586.6194142369, 1100537.9810370775
6236783.358388997, 750881.5530482093, 1100537.7539719157
6233438.377392047, 778162.1126517048, 1100537.5213018516
6229974.069000475, 805427.7759944252, 1100537.283031311
6226390.499531421, 832678.0211310536, 1100537.0391648859
6222687.737584965, 859912.326411414, 1100536.7897072248
6218865.854042891, 887130.1704906588, 1100536.5346631147
6214924.922067298, 914331.0323391366, 1100536.274037443
6210865.017099287, 941514.3912517512, 1100536.0078351935
6206686.2168574, 968679.7268590839, 1100535.736061477
6202388.6013362035, 995826.519136305, 1100535.4587214803
6197972.252804758, 1022954.2484137327, 1100535.17582055
6193437.255804955, 1050062.3953868495, 1100534.8873640718
6188783.697150032, 1077150.4411255862, 1100534.5933575714
6184011.665922845, 1104217.8670848357, 1100534.2938066982
6179121.253474143, 1131264.155114212, 1100533.9887171742
6174112.553420832, 1158288.7874679887, 1100533.6780948453
6168985.661644236, 1185291.246814968, 1100533.3619456748
6163740.676288169, 1212271.0162484273, 1100533.040275704
6158377.697757142, 1239227.579295896, 1100532.7130910978
6152896.828714361, 1266160.4199294169, 1100532.3803981356
6147298.174079828, 1293069.0225748797, 1100532.0422031656
6141581.841028303, 1319952.8721223339, 1100531.69851268
6135747.9389872905, 1346811.453935415, 1100531.3493332565
6129796.579634907, 1373644.2538616406, 1100530.994671599
6123727.876897648, 1400450.7582423263, 1100530.634534482
6117541.9469484575, 1427230.4539216273, 1100530.2689288165
6111238.908204256, 1453982.8282572674, 1100529.897861585
6104818.88132378, 1480707.3691299618, 1100529.5213399203
6098281.989205355, 1507403.5649529025, 1100529.1393710207
6091628.356984276, 1534070.9046824928, 1100528.751962196
6084858.112030753, 1560708.8778270152, 1100528.3591208803
6077971.383947253, 1587316.974456985, 1100527.9608545834
6070968.304566045, 1613894.6852151211, 1100527.5571709583
6063849.007946752, 1640441.5013254555, 1100527.1480777096
6056613.630373675, 1666956.9146037921, 1100526.733582681
6049262.310353316, 1693440.4174668114, 1100526.313693827
6041795.18861164, 1719891.5029420573, 1100525.8884191727
6034212.408091333, 1746309.6646778975, 1100525.4577668663
6026514.113949245, 1772694.3969526072, 1100525.0217451602
6018700.45355338, 1799045.194684749, 1100524.5803624075
6010771.576480299, 1825361.553442148, 1100524.1336270478
6002727.634512031, 1851642.9694523215, 1100523.6815476622
5994568.781633441, 1877888.9396110964, 1100523.2241328908
5986295.174028983, 1904098.9614934344, 1100522.7613915103
5977906.970079917, 1930272.533362107, 1100522.2933323532
5969404.330361245, 1956409.1541777402, 1100521.8199644238
5960787.417638551, 1982508.3236083104, 1100521.3412967678
5952056.396864982, 2008569.542038632, 1100520.8573385458
5943211.435177995, 2034592.310580281, 1100520.3680990413
5934252.701896281, 2060576.1310806111, 1100519.8735876204
5925180.368516384, 2086520.5061327284, 1100519.3738137605
5915994.608709592, 2112424.9390845946, 1100518.8687870298
5906695.598318404, 2138288.934049025, 1100518.3585170899
5897283.515353315, 2164111.995912944, 1100517.8430137392
5887758.53998938, 2189893.6303466023, 1100517.3222868312
5878120.854562712, 2215633.3438135376, 1100516.796346344
5868370.643567041, 2241330.643579713, 1100516.265202349
5858508.093650166, 2266985.0377229946, 1100515.7288650265
5848533.3936104, 2292596.0351426094, 1100515.1873446498
5838446.734392884, 2318163.145568585, 1100514.64065158
5828248.309086059, 2343685.879570929, 1100514.0887963008
5817938.312917915, 2369163.7485691365, 1100513.5317893745
5807516.943252124, 2394596.2648418006, 1100512.9696414722
5796984.399584503, 2419982.9415353667, 1100512.40236336
5786340.883538915, 2445323.2926742043, 1100511.8299659006
5775586.598863788, 2470616.8331689034, 1100511.2524600606
5764721.751427811, 2495863.078826653, 1100510.6698569078
5753746.549216136, 2521061.5463599125, 1100510.0821675844
5742661.2023265865, 2546211.7533956007, 1100509.4894033652
5731465.922965424, 2571313.218484476, 1100508.8915755954
5720160.925443268, 2596365.4611106263, 1100508.2886955272
5708746.426171105, 2621368.0017001126, 1100507.680775106
5697222.643656215, 2646320.3616304873, 1100507.0678257933
5685589.798497643, 2671222.0632402073, 1100506.4498592988
5673848.113382502, 2696072.629837009, 1100505.826887481
5661997.813081227, 2720871.58570782, 1100505.198922256
5650039.124443572, 2745618.456127377, 1100504.5659756549
5637972.276394049, 2770312.7673677523, 1100503.9280598164
5625797.49992775, 2794954.046706888, 1100503.2851869445
5613515.02810577, 2819541.822438092, 1100502.6373693384
5601125.096050949, 2844075.623878643, 1100501.9846194396
5588627.940943081, 2868554.9813792794, 1100501.3269497203
5576023.802014552, 2892979.426332975, 1100500.6643727953
5563312.920545801, 2917348.4911837177, 1100499.99690135
5550495.539860645, 2941661.709435637, 1100499.324548169
5537571.905321509, 2965918.6156620905, 1100498.6473261304
5524542.26432489, 2990118.7455143356, 1100497.9652482
5511406.866296519, 3014261.635730587, 1100497.2783274576
5498165.962686674, 3038346.8241446028, 1100496.5865770336
5484819.806965403, 3062373.8496947642, 1100495.890010205
5471368.654617331, 3086342.252433154, 1100495.1886402965
5457812.763137387, 3110251.57353352, 1100494.4824807486
5444152.3920251895, 3134101.3553011585, 1100493.7715450805
5430387.80278057, 3157891.1411808226, 1100493.055846909
5416519.258898451, 3181620.4757657424, 1100492.335399963
5402547.025863601, 3205288.904806533, 1100491.6102180174
5388471.371145694, 3228895.9752197918, 1100490.880314963
5374292.564194414, 3252441.2350963233, 1100490.1457047798
5360010.876433935, 3275924.2337104753, 1100489.4064015625
5345626.581257859, 3299344.5215283665, 1100488.6624194346
5331139.9540240625, 3322701.6502166167, 1100487.9137726817
5316551.2720493, 3345995.172650867, 1100487.1604756126
5301860.8146039555, 3369224.642924456, 1100486.4025426786
5287068.862906805, 3392389.616356655, 1100485.639988386
5272175.700119378, 3415489.6495016045, 1100484.8728273297
5257181.611340778, 3438524.300156528, 1100484.1010742262
5242086.883602069, 3461493.127370256, 1100483.3247438353
5226891.805860894, 3484395.69145168, 1100482.543851045
5211596.668995749, 3507231.553978312, 1100481.7584107993
5196201.76580088, 3530000.277804078, 1100480.9684381448
5180707.390980006, 3552701.427068659, 1100480.1739482163
5165113.8411412565, 3575334.567204941, 1100479.374956226
5149421.414791092, 3597899.2649480053, 1100478.5714774802
5133630.412328938, 3620395.0883428184, 1100477.7635273747
5117741.136041064, 3642821.6067531127, 1100476.9511213694
5101753.890095205, 3665178.3908690168, 1100476.1342750387
5085668.980534236, 3687465.0127159497, 1100475.3130040132
5069486.715271001, 3709681.045661932, 1100474.4873240385
5053207.404081635, 3731826.0644267704, 1100473.6572509194
5036831.358600173, 3753899.6450894848, 1100472.8228005553
5020358.892312602, 3775901.3650964024, 1100471.9839889305
5003790.32055036, 3797830.803269918, 1100471.140832115
4987125.960484844, 3819687.5398158254, 1100470.2933462514
4970366.131121058, 3841471.156331696, 1100469.4415475791
4953511.153291581, 3863181.2358148596, 1100468.5854524057
4936561.349650361, 3884817.3626704155, 1100467.725077127
4919517.04466675, 3906379.1227189302, 1100466.8604382295
4902378.564618909, 3927866.1032048445, 1100465.9915522616
4885146.237588031, 3949277.892803842, 1100465.1184358886
4867820.393451625, 3970614.0816311594, 1100464.2411058089
4850401.3638774, 3991874.26124919, 1100463.3595792055
4832889.482317095, 4013058.024675408, 1100462.4738722146
4815285.083999658, 4034164.966390144, 1100461.5840021735
4797588.505925336, 4055194.682344134, 1100460.6899861405
4779800.086858772, 4076146.7699666433, 1100459.7918412331
4761920.167322727, 4097020.8281729687, 1100458.889584642
4743949.089591658, 4117816.4573719986, 1100457.9832336586
4725887.197685018, 4138533.25947404, 1100457.0728056496
4707734.837360745, 4159170.8378983135, 1100456.1583180316
4689492.35610841, 4179728.7975809015, 1100455.2397883432
4671160.103143133, 4200206.7449815255, 1100454.317234151
4652738.429398165, 4220604.288092079, 1100453.3906731606
4634227.687518733, 4240921.036443336, 1100452.4601230882
4615628.231855109, 4261156.601112743, 1100451.52560178
4596940.418455541, 4281310.594732085, 1100450.5871271081
4578164.605060122, 4301382.631494278, 1100449.6447170693
4559301.151093223, 4321372.327161393, 1100448.6983897109
4540350.417656947, 4341279.299071747, 1100447.748163144
4521312.767524366, 4361103.166147043, 1100446.7940555867
4502188.5651322, 4380843.548900055, 1100445.8360853102
4482978.1765741035, 4400500.069441617, 1100444.8742706478
4463681.969593574, 4420072.351487941, 1100443.9086300377
4444300.3135768855, 4439560.020367876, 1100442.9391819667
4424833.57954617, 4458962.703029885, 1100441.9659450045
4405282.140152204, 4478280.028049321, 1100440.9889377914
4385646.3696670355, 4497511.625635789, 1100440.0081790444
4365926.643977481, 4516657.12763953, 1100439.0236875452
4346123.340577145, 4535716.167559274, 1100438.0354821505
4326236.838559538, 4554688.380548901, 1100437.043581782
4306267.518611242, 4573573.403424038, 1100436.0480054496
4286215.763003753, 4592370.8746698275, 1100435.0487722205
4266081.955582576, 4611080.434450494, 1100434.0459039193
4245866.481772396, 4629701.724606552, 1100433.0394170638
4225569.728557095, 4648234.388671514, 1100432.0293309316
4205192.084476326, 4666678.071875571, 1100431.0156648671
4184733.939618527, 4685032.421152053, 1100429.998438296
4164195.685612651, 4703297.085144789, 1100428.9776706798
4143577.715621768, 4721471.714214007, 1100427.9533815905
4122880.424334432, 4739555.96044387, 1100426.9255906418
4102104.2079579127, 4757549.477648492, 1100425.8943175077
4081249.464210293, 4775451.921378867, 1100424.8595819492
4060316.5923128175, 4793262.948929478, 1100423.82140378
4039305.992982557, 4810982.219344597, 1100422.7798028989
4018218.068424216, 4828609.393425232, 1100421.7347992398
3997053.2223230274, 4846144.1337351585, 1100420.6864128364
3975811.8598365034, 4863586.104607768, 1100419.634663744
3954494.387586985, 4880934.972152292, 1100418.5795721235
3933101.2136537274, 4898190.404260287, 1100417.5211581877
3911632.7475652974, 4915352.070611753, 1100416.4594421843
3890089.4002913646, 4932419.642681897, 1100415.3944444768
3868471.5842351215, 4949392.793747027, 1100414.3261854472
3846779.713225575, 4966271.198890805, 1100413.2546855696
3825014.20250897, 4983054.535010871, 1100412.1799653517
3803175.468741331, 4999742.480824717, 1100411.1020453842
3781263.929980511, 5016334.716875776, 1100410.0209463164
3759280.005678002, 5032830.925539702, 1100408.936688845
3737224.116670982, 5049230.791030404, 1100407.8492937535
3715096.6851741383, 5065533.999406114, 1100406.7587818475
3692898.134772016, 5081740.238575181, 1100405.665174026
3670628.8904101346, 5097849.198302542, 1100404.5684912326
3648289.378387654, 5113860.570215059, 1100403.4687546995
3625880.0263485685, 5129774.047808032, 1100402.3659850499
3603401.263274249, 5145589.326450329, 1100401.2602036279
3580853.519474238, 5161306.1033910755, 1100400.1514316034
3558237.2265790245, 5176924.077764684, 1100399.0396902282
3535552.8175312458, 5192442.950597017, 1100397.9250007868
3512800.726577323, 5207862.424811094, 1100396.807384613
3489981.3892594175, 5223182.2052327115, 1100395.686863143
3467095.242406874, 5238401.9985961225, 1100394.5634578187
3444142.724128209, 5253521.513549481, 1100393.437190161
3421124.273802204, 5268540.460660784, 1100392.3080817517
3398040.3320698664, 5283458.55242305, 1100391.1761541888
3374891.3408261947, 5298275.503259866, 1100390.041429188
3351677.7432110175, 5312991.029531182, 1100388.9039284615
3328399.9836009806, 5327604.849538453, 1100387.7636737945
3305058.507601181, 5342116.68353002, 1100386.6206870442
3281653.7620363007, 5356526.253706558, 1100385.4749900866
3258186.194942222, 5370833.284226386, 1100384.3266048692
3234656.255557345, 5385037.501210792, 1100383.1755533973
3211064.394314332, 5399138.632749006, 1100382.0218576975
3187411.0628307937, 5413136.4089039285, 1100380.865539888
3163696.7139013438, 5427030.5617167745, 1100379.706622105
3139921.8014885737, 5440820.825212471, 1100378.5451265415
3116086.780714443, 5454506.9354046965, 1100377.3810754484
3092192.1078514997, 5468088.630300976, 1100376.2144911252
3068238.2403143505, 5481565.6499075545, 1100375.0453959182
3044225.6366507416, 5494937.736234472, 1100373.873812207
3020154.756532686, 5508204.633300605, 1100372.699762443
2996026.060747846, 5521366.0871383995, 1100371.5232691085
2971840.0111905364, 5534421.845798844, 1100370.344354731
2947597.070853268, 5547371.659356111, 1100369.1630418962
2923297.7038172856, 5560215.279912677, 1100367.9793532398
2898942.375244223, 5572952.461603694, 1100366.793311419
2874531.5513670063, 5585582.96060189, 1100365.6049391562
2850065.699480663, 5598106.535122352, 1100364.414259214
2825545.287933922, 5610522.945426814, 1100363.2212943956
2800970.786119643, 5622831.953828652, 1100362.0260675456
2776342.664466374, 5635033.324697095, 1100360.8286015708
2751661.3944290075, 5647126.824461903, 1100359.628919389
2726927.448479782, 5659112.221617861, 1100358.4270439893
2702141.30009963, 5670989.286728983, 1100357.222998388
2677303.4237683187, 5682757.792433332, 1100356.0168056423
2652414.2949561514, 5694417.513446956, 1100354.8084888682
2627474.390114479, 5705968.226568392, 1100353.5980711943
2602484.1866665697, 5717409.710682958, 1100352.3855758198
2577444.162998804, 5728741.746766824, 1100351.1710259495
2552354.7984509375, 5739964.117891459, 1100349.9544448555
2527216.573307676, 5751076.609227466, 1100348.735855843
2502029.968788471, 5762079.008049119, 1100347.5152822416
2476795.467039573, 5772971.103737918, 1100346.292747439
2451513.551123441, 5783752.687787146, 1100345.0682748388
2426184.7050107233, 5794423.553805425, 1100343.8418879136
2400809.413570238, 5804983.497520899, 1100342.6136101391
2375388.1625599144, 5815432.316785077, 1100341.3834650414
2349921.438617579, 5825769.811576713, 1100340.1514761774
2324409.7292513894, 5835995.784005702, 1100338.917667158
2298853.522830706, 5846110.038316756, 1100337.682061606
2273253.3085765475, 5856112.380893279, 1100336.444683184
2247609.5765527925, 5866002.620260824, 1100335.2055555955
2221922.8176561203, 5875780.56709105, 1100333.9647025764
2196193.5236066384, 5885446.034205219, 1100332.7221482787
2170422.186939238, 5894998.836577803, 1100331.4779157313
2144609.3009930933, 5904438.791339995, 1100330.232029139
2118755.3599031623, 5913765.717783162, 1100328.9845123803
2092860.8585898937, 5922979.43736251, 1100327.7353893407
2066926.29275061, 5932079.773700209, 1100326.4846839607
2040952.1588495676, 5941066.552588908, 1100325.2324201753
2014938.9541079793, 5949939.601995271, 1100323.9786219792
1988887.1764955749, 5958698.75206286, 1100322.723313382
1962797.3247201606, 5967343.835115754, 1100321.4665184394
1936669.898218449, 5975874.685661541, 1100320.2082611993
1910505.3971464678, 5984291.140394583, 1100318.948565784
1884304.3223698763, 5992593.038199143, 1100317.687456319
1858067.175454692, 6000780.220152343, 1100316.4249569438
1831794.4586571578, 6008852.5295274295, 1100315.1610918539
1805486.6749147358, 6016809.811796525, 1100313.8958852459
1779144.327835943, 6024651.914633816, 1100312.629361364
1752767.9216908333, 6032378.687918361, 1100311.3615444629
1726357.9614019766, 6039989.983736822, 1100310.0924588144
1699914.9525336619, 6047485.656386619, 1100308.8221287327
1673439.4012832711, 6054865.562378436, 1100307.5505785625
1646931.8144706963, 6062129.560439153, 1100306.2778326347
1620392.6995296814, 6069277.511514334, 1100305.0039153444
1593822.5644970182, 6076309.278771151, 1100303.7288510827
1567221.9180032993, 6083224.727600885, 1100302.45266427
1540591.2692637239, 6090023.72562136, 1100301.1753793638
1513931.1280671111, 6096706.142679777, 1100299.8970208094
1487242.004767473, 6103271.850854898, 1100298.617613093
1460524.4102732914, 6109720.724459725, 1100297.3371807383
1433778.8560381345, 6116052.640043801, 1100296.0557482578
1407005.8540508945, 6122267.476395542, 1100294.7733401898
1380205.9168255543, 6128365.114544721, 1100293.489981101
1353379.5573922344, 6134345.437764507, 1100292.205695577
1326527.2892864188, 6140208.331573896, 1100290.9205082124
1299649.6265399153, 6145953.683739772, 1100289.634443624
1272747.0836702958, 6151581.38427918, 1100288.3475264376
1245820.175671859, 6157091.325461283, 1100287.059781312
1218869.4180047964, 6162483.401809604, 1100285.771232903
1191895.3265861282, 6167757.510103898, 1100284.4819058962
1164898.4177797013, 6172913.549382143, 1100283.1918249875
1137879.208385819, 6177951.420942556, 1100281.901014883
1110838.215631857, 6182871.028345432, 1100280.6095003076
1083775.9571624596, 6187672.277414921, 1100279.317305996
1056692.9510288993, 6192355.076240966, 1100278.0244566947
1029589.7156798255, 6196919.335181012, 1100276.7309771758
1002466.7699509368, 6201364.966861694, 1100275.4368922086
975324.6330556928, 6205691.886180474, 1100274.1422265833
948163.8245746617, 6209900.010307336, 1100272.8470050916
920984.864445582, 6213989.258686433, 1100271.5512525411
893788.2729542772, 6217959.553037405, 1100270.2549937442
866574.5707234939, 6221810.817357192, 1100268.9582535522
839344.278703925, 6225542.977921162, 1100267.6610567775
812097.9181634391, 6229155.963284815, 1100266.3634282695
784836.0106780205, 6232649.704284915, 1100265.065392889
757559.0781209159, 6236024.13404096, 1100263.7669755016
730267.6426529889, 6239279.187956426, 1100262.468200962
702962.2267130928, 6242414.803719946, 1100261.1690941611
675643.3530071799, 6245430.921306624, 1100259.8696799753
648311.5444990776, 6248327.482979055, 1100258.5699832821
620967.3244004158, 6251104.4332885, 1100257.2700289926
593611.2161600819, 6253761.719075887, 1100255.9698424134
566243.7434548105, 6256299.289473044, 1100254.6694476167
538865.430178614, 6258717.095903343, 1100253.3688699305
511476.8004333574, 6261015.092082808, 1100252.0681342613
484078.3785181196, 6263193.234021034, 1100250.7672655173
456670.6889194336, 6265251.480021963, 1100249.4662886234
429254.2563015135, 6267189.790684686, 1100248.1652284963
401829.6054955807, 6269008.12890422, 1100246.8641100517
374397.2614904478, 6270706.459872218, 1100245.562958219
346957.7494221, 6272284.751077611, 1100244.261797906
319511.5945638376, 6273742.972307237, 1100242.9606540482
292059.322315945, 6275081.095646458, 1100241.6595515572
264601.4581957187, 6276299.095479656, 1100240.3585153595
237138.5278280384, 6277396.948490685, 1100239.057570368
209671.0569341368, 6278374.633663435, 1100237.756741505
182199.5713224428, 6279232.132282121, 1100236.4560536882
154724.5968785002, 6279969.427931689, 1100235.1555318302
127246.6595541, 6280586.506498114, 1100233.855200828
99766.2853581242, 6281083.356168711, 1100232.5550856069
72284.0003459932, 6281459.967432307, 1100231.2552110562
44800.3306097141, 6281716.333079443, 1100229.9556020657
17315.8022677272, 6281852.44820255, 1100228.6562835462
-10169.0585448439, 6281868.310195954, 1100227.3572803717
-37653.725686777, 6281763.91875602, 1100226.0586174233
-65137.6730204475, 6281539.275881123, 1100224.7603195803
-92620.3744220326, 6281194.3858715845, 1100223.4624117054
-120101.3037916387, 6280729.255329607, 1100222.1649186593
-147579.9350631164, 6280143.893159174, 1100220.8678652942
-175055.7422142255, 6279438.310565843, 1100219.5712764459
-202528.1992773161, 6278612.521056555, 1100218.2751769675
-229996.7803483378, 6277666.540439336, 1100216.9795916602
-257460.9595974365, 6276600.38682307, 1100215.6845453503
-284920.2112796446, 6275414.08061707, 1100214.3900628462
-312374.0097434373, 6274107.6445307415, 1100213.0961689334
-339821.8294423819, 6272681.103573139, 1100211.8028884046
-367263.1449440646, 6271134.485052442, 1100210.510246018
-394697.430941021, 6269467.818575499, 1100209.2182665383
-422124.1622597172, 6267681.136047243, 1100207.9269747157
-449542.8138717985, 6265774.47167005, 1100206.6363952812
-476952.8609034683, 6263747.861943058, 1100205.3465529429
-504353.778645473, 6261601.3456616085, 1100204.0574724246
-531745.04256342, 6259334.963916326, 1100202.769178398
-559126.1283077054, 6256948.760092455, 1100201.4816955514
-586496.5117235796, 6254442.779868979, 1100200.195048537
-613855.6688612434, 6251817.071217746, 1100198.909262008
-641203.0759853611, 6249071.6844025785, 1100197.6243605725
-668538.2095864204, 6246206.671978274, 1100196.340368867
-695860.5463889673, 6243222.088789614, 1100195.057311465
-723169.5633629649, 6240117.991970341, 1100193.775212952
-750464.7377333543, 6236894.4409420155, 1100192.4940978764
-777745.5469897871, 6233551.497412926, 1100191.2139907843
-805011.4688972862, 6230089.225376861, 1100189.9349161843
-832261.9815053062, 6226507.691111965, 1100188.656898586
-859496.5631591815, 6222806.9631793, 1100187.3799624592
-886714.6925084095, 6218987.112421755, 1100186.1041322686
-913915.8485176101, 6215048.211962548, 1100184.8294324428
-941099.5104765841, 6210990.337203846, 1100183.5558874067
-968265.1580096798, 6206813.565825358, 1100182.2835215451
-995412.2710864391, 6202517.9777827775, 1100181.012359229
-1022540.3300308431, 6198103.655306392, 1100179.7424248205
-1049648.8155318953, 6193570.682899217, 1100178.4737430625
-1076737.2086533394, 6188919.147335908, 1100177.2063373886
-1103804.9908433112, 6184149.137660475, 1100175.940232508
-1130851.6439446034, 6179260.745184999, 1100174.675452671
-1157876.6502043977, 6174254.063487743, 1100173.4120221091
-1184879.4922845266, 6169129.18841134, 1100172.1499650208
-1211859.6532707573, 6163886.21806105, 1100170.8893055758
-1238816.616683394, 6158525.252802758, 1100169.6300679222
-1265749.86648654, 6153046.395261167, 1100168.3722761767
-1292658.8870983422, 6147449.750317774, 1100167.1159544298
-1319543.163400759, 6141735.425108892, 1100165.8611267498
-1346402.1807495225, 6135903.529023525, 1100164.6078171702
-1373235.4249835457, 6129954.173701432, 1100163.3560496885
-1400042.382435634, 6123887.47303078, 1100162.105848289
-1426822.5399413598, 6117703.543146145, 1100160.8572369134
-1453575.3848497719, 6111402.502426134, 1100159.6102394797
-1480300.4050322375, 6104984.471491322, 1100158.3648798726
-1506997.0888931097, 6098449.5732017215, 1100157.1211819435
-1533664.925379196, 6091797.932654559, 1100155.8791695153
-1560303.4039892587, 6085029.677181876, 1100154.6388663705
-1586912.0147842304, 6078144.936348084, 1100153.4002962755
-1613490.2483970686, 6071143.8419473525, 1100152.1634829482
-1640037.5960417124, 6064026.528001344, 1100150.9284500787
-1666553.5495237787, 6056793.13075641, 1100149.6952213198
-1693037.6012495288, 6049443.788681148, 1100148.4638202982
-1719489.2442362527, 6041978.642463617, 1100147.234270595
-1745907.9721212967, 6034397.835008772, 1100146.0065957615
-1772293.2791723611, 6026701.511435625, 1100144.7808193136
-1798644.660296916, 6018889.819074463, 1100143.5569647243
-1824961.6110516177, 6010962.907464204, 1100142.3350554453
-1851243.6276525552, 6002920.928349259, 1100141.1151148723
-1877490.2069843272, 5994764.035676851, 1100139.8971663695
-1903700.8466098811, 5986492.385594015, 1100138.6812332757
-1929875.0447804192, 5978106.1364444615, 1100137.467338873
-1956012.3004444072, 5969605.448765816, 1100136.2555064112
-1982112.1132578375, 5960990.485286245, 1100135.0457591014
-2008173.983593293, 5952261.410921572, 1100133.8381201169
-2034197.4125494394, 5943418.392772128, 1100132.6326125925
-2060181.9019613278, 5934461.60011927, 1100131.4292596066
-2086126.9544090903, 5925391.204422468, 1100130.2280842178
-2112032.073227805, 5916207.379315885, 1100129.0291094352
-2137896.762517322, 5906910.300604941, 1100127.832358215
-2163720.5271508526, 5897500.14626326, 1100126.6378534827
-2189502.872785692, 5887977.096428855, 1100125.4456181256
-2215243.305871358, 5878341.3334010895, 1100124.2556749582
-2240941.3336603516, 5868593.041636797, 1100123.0680467943
-2266596.4642162817, 5858732.407747156, 1100121.8827563748
-2292208.206424517, 5848759.620493697, 1100120.6998263998
-2317776.0700007463, 5838674.870784981, 1100119.5192795238
-2343299.565500398, 5828478.351672987, 1100118.3411383722
-2368778.204328792, 5818170.258349008, 1100117.1654254897
-2394211.498749458, 5807750.788140463, 1100115.9921634207
-2419598.961894028, 5797220.140506761, 1100114.8213746147
-2444940.1077716425, 5786578.517035531, 1100113.6530815074
-2470234.451278018, 5775826.12143886, 1100112.4873064784
-2495481.5082047917, 5764963.1595493015, 1100111.3240718525
-2520680.795248987, 5753989.839315944, 1100110.163399917
-2545831.8300215746, 5742906.370800617, 1100109.005312886
-2570934.131057719, 5731712.966173583, 1100107.849832965
-2595987.217825325, 5720409.839709587, 1100106.6969822682
-2620990.6107343747, 5708997.20778376, 1100105.5467833346
-2645943.8311463883, 5697475.288867611, 1100104.399257291
-2670846.4013827555, 5685844.303524742, 1100103.2544265697
-2695697.8447350645, 5674104.474406412, 1100102.1123131048
-2720497.6854732144, 5662256.02624766, 1100100.9729387686
-2745245.448855251, 5650299.185862665, 1100099.8363253847
-2769940.6611358235, 5638234.182140699, 1100098.70249472
-2794582.8495758674, 5626061.2460414525, 1100097.5714684995
-2819171.542451119, 5613780.610590861, 1100096.4432683801
-2843706.2690613917, 5601392.510876579, 1100095.3179159695
-2868186.5597398607, 5588897.184043247, 1100094.1954328297
-2892611.945861321, 5576294.8692884045, 1100093.0758404592
-2916981.9598518973, 5563585.8078574985, 1100091.959160299
-2941296.135197626, 5550770.243039455, 1100090.845413737
-2965554.006453389, 5537848.420162039, 1100089.7346221162
-2989755.109252131, 5524820.586586974, 1100088.6268066987
-3013898.9803133374, 5511686.991705431, 1100087.5219887123
-3037985.1574518653, 5498447.886933291, 1100086.4201893136
-3062013.179587531, 5485103.525705898, 1100085.3214296093
-3085982.5867528077, 5471654.163473876, 1100084.2257306464
-3109892.920102831, 5458100.057697515, 1100083.1331134113
-3133743.721923058, 5444441.467842519, 1100082.0435988288
-3157534.535638854, 5430678.655374542, 1100080.9572077682
-3181264.905823864, 5416811.883754434, 1100079.8739610473
-3204934.3782087937, 5402841.4184331, 1100078.793879401
-3228542.499690192, 5388767.526846418, 1100077.716983525
-3252088.818338895, 5374590.478410241, 1100076.6432940438
-3275572.8834088165, 5360310.544515144, 1100075.5728315217
-3298994.245345753, 5345927.998521133, 1100074.5056164693
-3322352.4557956713, 5331443.115752647, 1100073.4416693198
-3345647.067613735, 5316856.1734929, 1100072.3810104579
-3368877.634872205, 5302167.450979104, 1100071.3236601911
-3392043.712869494, 5287377.229396761, 1100070.2696387833
-3415144.8581385287, 5272485.791874314, 1100069.218966417
-3438180.628455083, 5257493.423477927, 1100068.1716632154
-3461150.5828468595, 5242400.411205563, 1100067.127749242
-3484054.2816010197, 5227207.0439821, 1100066.0872444957
-3506891.2862731284, 5211913.612653459, 1100065.0501689026
-3529661.159695687, 5196520.40998093, 1100064.0165423239
-3552363.4659860097, 5181027.730635929, 1100062.9863845576
-3574997.7705551162, 5165435.871193931, 1100061.9597153366
-3597563.6401155842, 5149745.130129211, 1100060.9365543379
-3620060.642690011, 5133955.807808843, 1100059.9169211416
-3642488.3476196304, 5118068.2064869115, 1100058.900835286
-3664846.32557171, 5102082.630299183, 1100057.8883162308
-3687134.148548818, 5085999.38525659, 1100056.879383374
-3709351.389896265, 5069818.779239879, 1100055.8740560394
-3731497.6243103016, 5053541.121993754, 1100054.872353484
-3753572.4278468005, 5037166.725120481, 1100053.8742948957
-3775575.377928985, 5020695.902074282, 1100052.8798993872
-3797506.053355394, 5004128.968155332, 1100051.8891860032
-3819364.034308285, 4987466.240503588, 1100050.9021737278
-3841148.9023612067, 4970708.038092974, 1100049.9188814657
-3862860.2404878004, 4953854.681724697, 1100048.9393280437
-3884497.6330687916, 4936906.494021892, 1100047.9635322383
-3906060.665900652, 4919863.799422857, 1100046.991512727
-3927548.926203533, 4902726.92417489, 1100046.023288127
-3948962.0026285322, 4885496.196328502, 1100045.058876996
-3970299.485266338, 4868171.945730551, 1100044.0982978
-3991560.9656544453, 4850754.504018406, 1100043.1415689392
-4012746.0367854387, 4833244.204613168, 1100042.1887091706
-4033854.293114608, 4815641.382713746, 1100041.23973588
-4054885.3305676403, 4797946.375290036, 1100040.2946676798
-4075838.746548429, 4780159.5210766625, 1100039.353522676
-4096714.1399468523, 4762281.160566448, 1100038.4163188916
-4117511.1111461483, 4744311.63600406, 1100037.4830742842
-4138229.262031087, 4726251.291379103, 1100036.5538067212
-4158868.1959949955, 4708100.472419972, 1100035.6285340106
-4179427.517947863, 4689859.52658681, 1100034.707273868
-4199906.834323681, 4671528.8030651, 1100033.7900439417
-4220305.753087783, 4653108.652759065, 1100032.8768618032
-4240623.883744823, 4634599.428284615, 1100031.967744941
-4260860.83734571, 4616001.483963042, 1100031.0627107723
-4281016.226495652, 4597315.175813677, 1100030.161776632
-4301089.665360763, 4578540.861547802, 1100029.264959775
-4321080.769676351, 4559678.9005611, 1100028.3722773828
-4340989.156753757, 4540729.653927054, 1100027.4837465454
-4360814.445487606, 4521693.484390295, 1100026.599384293
-4380556.256363506, 4502570.756359124, 1100025.7192075606
-4400214.211464966, 4483361.835898981, 1100024.843233209
-4419787.934480531, 4464067.090725461, 1100023.971478016
-4439277.050711528, 4444686.890196776, 1100023.103958684
-4458681.187078846, 4425221.605307078, 1100022.240691824
-4477999.972130003, 4405671.608679407, 1100021.3816939676
-4497233.036046526, 4386037.274558304, 1100020.5269815791
-4516380.010650655, 4366318.978803063, 1100019.6765710302
-4535440.52941298, 4346517.098879811, 1100018.830478602
-4554414.227458963, 4326632.013854976, 1100017.9887205102
-4573300.741575782, 4306664.104387984, 1100017.1513128672
-4592099.710220218, 4286613.752723154, 1100016.3182717199
-4610810.773524259, 4266481.342683699, 1100015.48961303
-4629433.573303177, 4246267.259663058, 1100014.665352663
-4647967.753061479, 4225971.890618626, 1100013.8455064064
-4666412.958000342, 4205595.62406358, 1100013.0300899735
-4684768.835024197, 4185138.850059701, 1100012.2191189788
-4703035.032747151, 4164601.960210258, 1100011.4126089532
-4721211.201500662, 4143985.3476514975, 1100010.6105753472
-4739296.993339063, 4123289.40704643, 1100009.813033522
-4757292.062046883, 4102514.534576461, 1100009.019998758
-4775196.063145474, 4081661.1279338817, 1100008.231486245
-4793008.653899437, 4060729.586314409, 1100007.4475110816
-4810729.493323309, 4039720.310409445, 1100006.6680882974
-4828358.242187811, 4018633.702398627, 1100005.8932328094
-4845894.563026755, 3997470.165941784, 1100005.1229594667
-4863338.12014322, 3976230.1061714403, 1100004.3572830204
-4880688.579616064, 3954913.929684992, 1100003.5962181352
-4897945.609306373, 3933522.0445368877, 1100002.839779403
-4915108.878863622, 3912054.8602309693, 1100002.0879812986
-4932178.05973215, 3890512.787712562, 1100001.3408382302
-4949152.825157527, 3868896.239360398, 1100000.598364504
-4966032.850192731, 3847205.628978924, 1099999.860574345
-4982817.811704166, 3825441.371790553, 1099999.1274818918
-4999507.388378268, 3803603.884427226, 1099998.3991011707
-5016101.260727201, 3781693.584923031, 1099997.6754461527
-5032599.111095393, 3759710.892705585, 1099996.956530694
-5049000.623665269, 3737656.2285885466, 1099996.2423685603
-5065305.484463385, 3715530.014763384, 1099995.532973433
-5081513.381366877, 3693332.674790756, 1099994.8283589035
-5097624.004108515, 3671064.633593589, 1099994.1285384707
-5113637.044283599, 3648726.317447666, 1099993.4335255306
-5129552.19535523, 3626318.15397426, 1099992.7433337923
-5145369.152660528, 3603840.5721318796, 1099992.0579757048
-5161087.61341618, 3581294.002207746, 1099991.3774647769
-5176707.276724536, 3558678.875809646, 1099990.7018140517
-5192227.8435792085, 3535995.625857751, 1099990.0310364747
-5207649.016870762, 3513244.6865763785, 1099989.365144886
-5222970.50139229, 3490426.4934858494, 1099988.704152041
-5238192.003845585, 3467541.483393388, 1099988.048070605
-5253313.232845982, 3444590.094385911, 1099987.3969131485
-5268333.898928695, 3421572.765820477, 1099986.7506921403
-5283253.714553835, 3398489.9383167527, 1099986.1094199633
-5298072.394112091, 3375342.0537481336, 1099985.4731088951
-5312789.653930239, 3352129.5552334394, 1099984.8417711388
-5327405.212276498, 3328852.8871283485, 1099984.21541877
-5341918.789365962, 3305512.4950169725, 1099983.5940637942
-5356330.107365963, 3282108.825703271, 1099982.9777181195
-5370638.8904013, 3258642.3272025874, 1099982.3663935456
-5384844.8645597985, 3235113.448732712, 1099981.7601017887
-5398947.757897073, 3211522.6407060176, 1099981.1588544575
-5412947.300442178, 3187870.3547200896, 1099980.5626630764
-5426843.224202615, 3164157.0435493784, 1099979.9715390578
-5440635.263169264, 3140383.1611368395, 1099979.3854937227
-5454323.153321976, 3116549.1625845125, 1099978.804538317
-5467906.632634134, 3092655.5041454206, 1099978.2286839485
-5481385.441077773, 3068702.643214832, 1099977.6579416571
-5494759.320628807, 3044691.0383211006, 1099977.0923223766
-5508028.015271753, 3020621.149117103, 1099976.5318369446
-5521191.2710045595, 2996493.4363716706, 1099975.9764960865
-5534248.835843737, 2972308.3619603342, 1099975.4263104526
-5547200.459828971, 2948066.3888567714, 1099974.8812905783
-5560045.895027961, 2923767.981123858, 1099974.3414469035
-5572784.895541286, 2899413.603904652, 1099973.8067897726
-5585417.217506665, 2875003.723414161, 1099973.2773294263
-5597942.619104408, 2850538.8069291245, 1099972.7530760039
-5610360.86056124, 2826019.3227804517, 1099972.2340395497
-5622671.704155458, 2801445.740343333, 1099971.7202300122
-5634874.914221201, 2776818.5300285416, 1099971.211657228
-5646970.257152975, 2752138.1632737014, 1099970.7083309442
-5658957.5014103, 2727405.11253368, 1099970.2102607992
-5670836.417521883, 2702619.8512721984, 1099969.717456339
-5682606.778090305, 2677782.853952108, 1099969.2299269997
-5694268.3577961, 2652894.5960268932, 1099968.747682117
-5705820.933402194, 2627955.553931317, 1099968.2707309425
-5717264.283758283, 2602966.205072053, 1099967.7990826033
-5728598.189804848, 2577927.0278190463, 1099967.332746137
-5739822.434577457, 2552838.501496096, 1099966.8717304785
-5750936.803211015, 2527701.106371439, 1099966.4160444587
-5761941.0829436835, 2502515.323649067, 1099965.965696806
-5772835.063121105, 2477281.6354591623, 1099965.5206961501
-5783618.535200303, 2452000.5248490414, 1099965.0810510125
-5794291.292753851, 2426672.475773655, 1099964.6467698244
-5804853.131473724, 2401297.973086506, 1099964.2178608943
-5815303.849175131, 2375877.502530511, 1099963.7943324447
-5825643.245800509, 2350411.5507284757, 1099963.3761925958
-5835871.123423336, 2324900.605173761, 1099962.963449345
-5845987.2862517685, 2299345.1542213736, 1099962.5561106112
-5855991.54063266, 2273745.687077867, 1099962.1541841915
-5865883.695055144, 2248102.693792399, 1099961.7576777916
-5875663.5601540655, 2222416.6652478394, 1099961.3665989991
-5885330.948714059, 2196688.093150312, 1099960.980955314
-5894885.675672712, 2170917.4700205917, 1099960.6007544342
-5904327.5581244435, 2145105.2891845778, 1099960.226003022
-5913656.415323725, 2119252.044763486, 1099959.8567085657
-5922872.06868869, 2093358.2316647714, 1099959.4928781455
-5931974.341804614, 2067424.3455721522, 1099959.1345187295
-5940963.060427047, 2041450.8829370537, 1099958.7816371825
-5949838.0524854995, 2015438.3409678382, 1099958.4342402685
-5958599.148086388, 1989387.2176214661, 1099958.092334644
-5967246.1795164365, 1963298.011593463, 1099957.7559268558
-5975778.981246037, 1937171.2223079423, 1099957.42502335
-5984197.389932174, 1911007.3499088194, 1099957.0996304713
-5992501.244421655, 1884806.8952497882, 1099956.7797544487
-6000690.3857542435, 1858570.3598847669, 1099956.4654014092
-6008764.6571655385, 1832298.2460586913, 1099956.1565773785
-6016723.904090275, 1805991.056696996, 1099955.8532882808
-6024567.974164897, 1779649.2953971429, 1099955.555539919
-6032296.717230764, 1753273.4664181545, 1099955.2633379959
-6039909.985337023, 1726864.0746709541, 1099954.976688115
-6047407.632743167, 1700421.625709467, 1099954.6955957664
-6054789.51592218, 1673946.625720006, 1099954.42006634
-6062055.493562973, 1647439.5815123422, 1099954.1501051132
-6069205.426573323, 1620901.0005094153, 1099953.885717255
-6076239.1780824335, 1594331.390737955, 1099953.6269078385
-6083156.613443563, 1567731.2608185941, 1099953.3736818153
-6089957.600236541, 1541101.119956463, 1099953.1260440378
-6096642.008270481, 1514441.4779308531, 1099952.883999263
-6103209.709586036, 1487752.8450861229, 1099952.6475521158
-6109660.5784580745, 1461035.7323212763, 1099952.4167071348
-6115994.491397865, 1434290.6510809246, 1099952.1914687343
-6122211.327155717, 1407518.1133444766, 1099951.9718412403
-6128310.966722995, 1380718.6316175526, 1099951.7578288587
-6134293.293334624, 1353892.7189212036, 1099951.54943569
-6140158.192471245, 1327040.8887824477, 1099951.346665727
-6145905.551861361, 1300163.6552246194, 1099951.1495228559
-6151535.261483545, 1273261.5327573502, 1099950.9580108589
-6157047.213568556, 1246335.0363665381, 1099950.7721334025
-6162441.302601402, 1219384.6815046724, 1099950.5918940455
-6167717.425323276, 1192410.9840811417, 1099950.4172962466
-6172875.480733644, 1165414.460452083, 1099950.248343357
-6177915.370092056, 1138395.6274106964, 1099950.085038606
-6182836.996920245, 1111355.0021769833, 1099949.9273851337
-6187640.267003688, 1084293.1023883624, 1099949.775385945
-6192325.088393614, 1057210.446089603, 1099949.6290439684
-6196891.371408802, 1030107.5517223021, 1099949.4883620087
-6201339.028637048, 1002984.9381160764, 1099949.3533427566
-6205667.974937132, 975843.1244774996, 1099949.2239888003
-6209878.12744021, 948682.6303812182, 1099949.1003026245
-6213969.405551546, 921503.9757592189, 1099948.9822865976
-6217941.730952013, 894307.680890948, 1099948.8699429845
-6221795.027599605, 867094.2663938226, 1099948.763273934
-6225529.221730808, 839864.2532129576, 1099948.6622814983
-6229144.241862172, 812618.1626109588, 1099948.5669676093
-6232640.018791526, 785356.5161585608, 1099948.4773340942
-6236016.485599419, 758079.8357238378, 1099948.3933826778
-6239273.577650279, 730788.6434631771, 1099948.315114961
-6242411.232593759, 703483.4618105283, 1099948.2425324582
-6245429.390365912, 676164.8134674281, 1099948.1756365523
-6248327.993190259, 648833.2213935829, 1099948.1144285277
-6251106.985579046, 621489.2087960313, 1099948.0589095615
-6253766.3143341, 594133.2991201063, 1099948.0090807201
-6256305.928548006, 566766.0160385505, 1099947.964943179
-6258725.779605152, 539387.883441776, 1099947.9264973458
-6261025.821182392, 511999.4254282941, 1099947.893744179
-6263206.009250142, 484601.1662938101, 1099947.866684312
-6265266.302073192, 457193.6305216542, 1099947.8453182587
-6267206.660211439, 429777.3427732741, 1099947.8296464402
-6269027.046520719, 402352.8278769366, 1099947.8196691554
-6270727.426153462, 374920.6108189467, 1099947.8153865915
-6272307.766559364, 347481.2167330417, 1099947.8167988425
-6273768.03748608, 320035.1708900002, 1099947.8239058787
-6275108.210979707, 292582.9986879262, 1099947.8367075678
-6276328.261385363, 265125.2256426467, 1099947.855203664
-6277428.165347683, 237662.3773768558, 1099947.8793938188
-6278407.901811276, 210194.9796104934, 1099947.9092775714
-6279267.452021086, 182723.5581504833, 1099947.9448543517
-6280006.799522768, 155248.6388811539, 1099947.9861234743
-6280625.930163065, 127770.7477532425, 1099948.0330841653
-6281124.832089959, 100290.4107747385, 1099948.085735513
-6281503.495753024, 72808.1540003554, 1099948.1440765206
-6281761.913903494, 45324.5035214857, 1099948.208106067
-6281900.081594507, 17839.9854564513, 1099948.2778229378
-6281917.9961811025, -9644.8740600804, 1099948.353225788
-6281815.657320369, -37129.5488868123, 1099948.4343131855
-6281593.066971342, -64613.5128859878, 1099948.521083572
-6281250.229395072, -92096.2399334526, 1099948.6135352924
-6280787.151154492, -119577.2039288222, 1099948.7116665766
-6280203.841114282, -147055.8788051074, 1099948.8154755551
-6279500.310440713, -174531.7385397647, 1099948.9249602351
-6278676.5726014245, -202004.2571635148, 1099949.0401185155
-6277732.643365214, -229472.9087713878, 1099949.1609482067
-6276668.540801657, -256937.167532451, 1099949.2874469915
-6275484.28528081, -284396.507699586, 1099949.419612443
-6274179.899472833, -311850.4036201085, 1099949.557442044
-6272755.408347501, -339298.3297455432, 1099949.700933149
-6271210.839173796, -366739.760641438, 1099949.8500830121
-6269546.221519315, -394174.1709979288, 1099950.0048887879
-6267761.587249756, -421601.0356395631, 1099950.1653475044
-6265856.970528276, -449019.8295350634, 1099950.3314560913
-6263832.407814872, -476430.0278079086, 1099950.5032113735
-6261687.937865641, -503831.1057460457, 1099950.6806100663
-6259423.601732048, -531222.5388120897, 1099950.8636487667
-6257039.442760188, -558603.8026531199, 1099951.0523239803
-6254535.506589904, -585974.3731107917, 1099951.246632087
-6251911.841153884, -613333.7262319918, 1099951.4465693766
-6249168.496676858, -640681.338277814, 1099951.6521320157
-6246305.525674525, -668016.6857341956, 1099951.8633160712
-6243322.9829525845, -695339.2453221185, 1099952.0801175013
-6240220.925605714, -722648.4940070142, 1099952.3025321541
-6236999.413016444, -749943.909009472, 1099952.5305557773
-6233658.506854021, -777224.9678145498, 1099952.7641840046
-6230198.271073259, -804491.1481823861, 1099953.0034123613
-6226618.771913249, -831741.9281579372, 1099953.248236266
-6222920.077896204, -858976.7860807083, 1099953.498651037
-6219102.259826003, -886195.2005953495, 1099953.7546518818
-6215165.390786962, -913396.6506610187, 1099954.016233894
-6211109.546142381, -940580.6155616292, 1099954.2833920708
-6206934.8035330875, -967746.5749159809, 1099954.5561212962
-6202641.242875939, -994894.0086875614, 1099954.8344163466
-6198228.946362404, -1022022.3971942225, 1099955.1182718985
-6193697.998456804, -1049131.2211187514, 1099955.4076825194
-6189048.485894855, -1076219.9615181834, 1099955.7026427798
-6184280.497681965, -1103288.099834228, 1099956.0031467993
-6179394.125091517, -1130335.1179025867, 1099956.3091889452
-6174389.4616630785, -1157360.4979637149, 1099956.6207633577
-6169266.603200632, -1184363.7226722068, 1099956.9378640736
-6164025.6477708435, -1211344.2751065842, 1099957.2604850195
-6158666.695701066, -1238301.6387793878, 1099957.5886200182
-6153189.849577394, -1265235.2976474138, 1099957.9222627934
-6147595.214242909, -1292144.736120631, 1099958.2614069497
-6141882.89679538, -1319029.4390731673, 1099958.6060459996
-6136053.006585409, -1345888.8918525898, 1099958.9561733454
-6130105.6552143, -1372722.580289639, 1099959.3117822753
-6124040.956531924, -1399529.9907083604, 1099959.6728659905
-6117859.026634479, -1426310.6099358331, 1099960.039417576
-6111559.983862368, -1453063.9253119119, 1099960.411430006
-6105143.948797845, -1479789.4246993023, 1099960.788896164
-6098611.044262729, -1506486.5964931943, 1099961.1718088295
-6091961.395316089, -1533154.929630863, 1099961.5601606593
-6085195.129251835, -1559793.9136017445, 1099961.9539442249
-6078312.37559624, -1586403.0384570942, 1099962.3531519799
-6071313.266105551, -1612981.794819769, 1099962.7577762892
-6064197.934763351, -1639529.6738938647, 1099963.167809397
-6056966.5177780725, -1666046.1674748398, 1099963.5832434632
-6049619.153580355, -1692530.7679586858, 1099964.0040705297
-6042155.982820474, -1718982.968351935, 1099964.430282534
-6034577.148365461, -1745402.2622816092, 1099964.8618713133
-6026882.795296587, -1771788.1440044753, 1099965.2988286167
-6019073.07090654, -1798140.1084166658, 1099965.741146069
-6011148.124696424, -1824457.6510640057, 1099966.1888151988
-6003108.108373078, -1850740.268151184, 1099966.64182744
-5994953.175846143, -1876987.456551273, 1099967.1001741178
-5986683.483225064, -1903198.7138157533, 1099967.563846454
-5978299.188816242, -1929373.53818357, 1099968.032835571
-5969800.45311968, -1955511.4285917087, 1099968.5071324883
-5961187.438826353, -1981611.8846835862, 1099968.986728127
-5952460.310814781, -2007674.4068193873, 1099969.471613301
-5943619.236147796, -2033698.4960859707, 1099969.9617787227
-5934664.384069813, -2059683.6543050725, 1099970.4572150195
-5925595.926002976, -2085629.3840444416, 1099970.95791269
-5916414.035544419, -2111535.188626025, 1099971.4638621565
-5907118.888462597, -2137400.572136366, 1099971.9750537286
-5897710.662694032, -2163225.0394357303, 1099972.4914776143
-5888189.538339949, -2189008.096167535, 1099973.0131239276
-5878555.697662703, -2214749.2487681853, 1099973.5399826784
-5868809.325082472, -2240448.004476, 1099974.0720437877
-5858950.607173544, -2266103.871340978, 1099974.609297053
-5848979.732660884, -2291716.358234131, 1099975.151732199
-5838896.892416422, -2317284.9748570025, 1099975.6993388357
-5828702.279455531, -2342809.231750568, 1099976.2521064673
-5818396.08893311, -2368288.6403055135, 1099976.810024524
-5807978.51814011, -2393722.712770624, 1099977.3730823137
-5797449.766499459, -2419110.9622629657, 1099977.9412690587
-5786810.03556263, -2444452.902776302, 1099978.5145738814
-5776059.529005423, -2469748.049191202, 1099979.092985792
-5765198.452624218, -2494995.9172840295, 1099979.6764937304
-5754227.014332171, -2520196.023735865, 1099980.265086513
-5743145.424154858, -2545347.8861425584, 1099980.858752871
-5731953.89422665, -2570451.023023193, 1099981.4574814374
-5720652.638786437, -2595504.9538296657, 1099982.061260745
-5709241.874173596, -2620509.1989558255, 1099982.6700792378
-5697721.818823742, -2645463.2797468086, 1099983.2839252586
-5686092.6932649175, -2670366.7185075176, 1099983.9027870428
-5674354.720112728, -2695219.0385129685, 1099984.526652745
-5662508.12406663, -2720019.7640164476, 1099985.1555104218
-5650553.131905506, -2744768.4202586478, 1099985.7893480249
-5638489.972483041, -2769464.5334776137, 1099986.4281534245
-5626318.876723798, -2794107.6309166336, 1099987.0719143832
-5614040.077618424, -2818697.2408342073, 1099987.720618573
-5601653.810219349, -2843232.8925126493, 1099988.3742535738
-5589160.311636325, -2867714.1162671335, 1099989.0328068733
-5576559.821031642, -2892140.44345505, 1099989.6962658549
-5563852.579615945, -2916511.4064842826, 1099990.3646178143
-5551038.830643391, -2940826.5388225233, 1099991.0378499562
-5538118.819406792, -2965085.3750067414, 1099991.7159493836
-5525092.793233441, -2989287.450650934, 1099992.3989031175
-5511961.00147977, -3013432.3024561964, 1099993.0866980758
-5498723.695527022, -3037519.4682188425, 1099993.7793210885
-5485381.128776356, -3061548.4868392916, 1099994.4767588954
-5471933.556643842, -3085518.8983313367, 1099995.178998136
-5458381.236555617, -3109430.2438306464, 1099995.8860253654
-5444724.42794317, -3133282.0656033806, 1099996.5978270434
-5430963.392238089, -3157073.907055299, 1099997.3143895352
-5417098.392867125, -3180805.3127405313, 1099998.035699131
-5403129.695247297, -3204475.8283698754, 1099998.761742007
-5389057.566780645, -3228085.0008199066, 1099999.492504266
-5374882.276849322, -3251632.3781412714, 1100000.2279719096
-5360604.09681014, -3275117.509567774, 1100000.9681308568
-5346223.299989589, -3298539.9455247065, 1100001.7129669338
-5331740.1616785, -3321899.2376376265, 1100002.462465874
-5317154.959126957, -3345194.9387406227, 1100003.2166133318
-5302467.9715387635, -3368426.6028852407, 1100003.975394857
-5287679.480066049, -3391593.7853491274, 1100004.7387959212
-5272789.767804268, -3414696.0426439214, 1100005.5068019144
-5257799.119786524, -3437732.932524085, 1100006.2793981172
-5242707.822977857, -3460704.0139959143, 1100007.0565697374
-5227516.166270352, -3483608.8473249017, 1100007.8383019008
-5212224.440477098, -3506446.994045045, 1100008.624579629
-5196832.938326766, -3529218.0169669157, 1100009.4153878614
-5181341.954458284, -3551921.480185735, 1100010.210711469
-5165751.785414572, -3574556.94909053, 1100011.0105352039
-5150062.729637554, -3597123.990371505, 1100011.814843759
-5134275.087462146, -3619622.1720287544, 1100012.6236217339
-5118389.16111026, -3642051.0633809604, 1100013.436853637
-5102405.254685412, -3664410.2350728717, 1100014.254523892
-5086323.67416669, -3686699.2590840636, 1100015.0766168432
-5070144.727403089, -3708917.7087367093, 1100015.9031167505
-5053868.724107322, -3731065.158704223, 1100016.7340077823
-5037495.975850062, -3753141.185019125, 1100017.5692740278
-5021026.796054113, -3775145.365081022, 1100018.4088994935
-5004461.499988107, -3797077.277665049, 1100019.2528680982
-4987800.404760679, -3818936.5029297005, 1100020.1011636816
-4971043.829314353, -3840722.62242492, 1100020.9537699958
-4954192.09441935, -3862435.2191001857, 1100021.8106707167
-4937245.522667638, -3884073.877312246, 1100022.6718494305
-4920204.438466729, -3905638.1828332427, 1100023.5372896474
-4903069.168033063, -3927127.722858932, 1100024.406974798
-4885840.039386271, -3948542.086016137, 1100025.2808882212
-4868517.382342807, -3969880.8623706168, 1100026.159013182
-4851101.528509387, -3991143.6434353306, 1100027.0413328707
-4833592.811276822, -4012330.022177902, 1100027.927830385
-4815991.565813521, -4033439.5930286846, 1100028.8184886416
-4798298.129059437, -4054471.9518879475, 1100029.7132907957
-4780512.839719046, -4075426.696134414, 1100030.6122196084
-4762636.038255253, -4096303.424632473, 1100031.5152578596
-4744668.066882726, -4117101.7377400184, 1100032.4223882565
-4726609.269561557, -4137821.237315842, 1100033.3335934356
-4708459.991990285, -4158461.526727738, 1100034.248855942
-4690220.581599797, -4179022.2108594617, 1100035.1681582462
-4671891.387546042, -4199502.89611907, 1100036.09148274
-4653472.7607038645, -4219903.190445824, 1100037.0188117474
-4634965.053660241, -4240222.703317781, 1100037.9501275057
-4616368.620707157, -4260461.045759643, 1100038.8854121836
-4597683.817835391, -4280617.830349634, 1100039.8246478662
-4578911.002726935, -4300692.671227696, 1100040.7678165622
-4560050.53474899, -4320685.184102024, 1100041.7149002254
-4541102.7749466635, -4340594.986256802, 1100042.6658807015
-4522068.086035735, -4360421.696559941, 1100043.6207397878
-4502946.832396425, -4380164.935469603, 1100044.579459196
-4483739.380066059, -4399824.325041796, 1100045.542020563
-4464446.096731689, -4419399.488938068, 1100046.5084054573
-4445067.35172387, -4438890.052431854, 1100047.4785953779
-4425603.516008811, -4458295.642416381, 1100048.4525717283
-4406054.962181892, -4477615.887411295, 1100049.4303158754
-4386422.064460076, -4496850.41757009, 1100050.4118090821
-4366705.198674783, -4515998.864687326, 1100051.3970325598
-4346904.742265102, -4535060.862205092, 1100052.3859674335
-4327021.074270248, -4554036.045220469, 1100053.3785947692
-4307054.57532222, -4572924.05049253, 1100054.3748955587
-4287005.627638707, -4591724.516449126, 1100055.3748507127
-4266874.615015724, -4610437.083193891, 1100056.3784410944
-4246661.922820197, -4629061.392513115, 1100057.3856474739
-4226367.937982751, -4647597.087882501, 1100058.3964505643
-4205993.048990033, -4666043.81447427, 1100059.4108310137
-4185537.645877583, -4684401.219163569, 1100060.4287693864
-4165002.120222234, -4702668.950535476, 1100061.450246198
-4144386.865134525, -4720846.658891712, 1100062.475241879
-4123692.2752511203, -4738933.996257432, 1100063.5037367977
-4102918.746727529, -4756930.616387641, 1100064.535711269
-4082066.6772304266, -4774836.174773871, 1100065.5711455168
-4061136.4659300772, -4792650.328650789, 1100066.6100197192
-4040128.5134922015, -4810372.73700319, 1100067.6523139756
-4019043.2220711876, -4828003.060571709, 1100068.6980083324
-3997880.99530165, -4845540.961859994, 1100069.747082756
-3976642.2382909674, -4862986.105140927, 1100070.7995171584
-3955327.3576118145, -4880338.15646285, 1100071.8552913852
-3933936.7612936087, -4897596.783656519, 1100072.9143852163
-3912470.8588156058, -4914761.656340778, 1100073.9767783685
-3890930.0610985756, -4931832.445929287, 1100075.0424504913
-3869314.780496933, -4948808.825636759, 1100076.1113811862
-3847625.430790785, -4965690.470485327, 1100077.1835499806
-3825862.4271782497, -4982477.057310473, 1100078.258936327
-3804026.186267504, -4999168.264767389, 1100079.3375196457
-3782117.126068758, -5015763.773336981, 1100080.4192792764
-3760135.6659857677, -5032263.265332489, 1100081.504194498
-3738082.226808748, -5048666.424904803, 1100082.5922445385
-3715957.2307054996, -5064972.938049089, 1100083.6834085574
-3693761.1012137313, -5081182.492610602, 1100084.7776656598
-3671494.263232835, -5097294.778290636, 1100085.8749948842
-3649157.143015709, -5113309.486652565, 1100086.9753752183
-3626750.1681608, -5129226.311127566, 1100088.0787855936
-3604273.767603821, -5145044.947020639, 1100089.1852046605
-3581728.37160924, -5160765.091516433, 1100090.2946116515
-3559114.4117624043, -5176386.443685069, 1100091.4069851087
-3536432.320961372, -5191908.704487698, 1100092.522303732
-3513682.5334081943, -5207331.5767824855, 1100093.6405461524
-3490865.4846009295, -5222654.765330175, 1100094.7616909705
-3467981.6113251145, -5237877.976799758, 1100095.8857166972
-3445031.351645679, -5253000.919774028, 1100097.012601819
-3422015.144898521, -5268023.304755085, 1100098.1423247475
-3398933.4316812837, -5282944.844170459, 1100099.2748638485
-3375786.6538462793, -5297765.252377713, 1100100.4101974312
-3352575.2544912677, -5312484.245670423, 1100101.5483037569
-3329299.677950609, -5327101.542283813, 1100102.6891610213
-3305960.369787725, -5341616.862399569, 1100103.832747383
-3282557.77678576, -5356029.928151692, 1100104.9790409366
-3259092.346939373, -5370340.463631574, 1100106.128019726
-3235564.529446127, -5384548.194893349, 1100107.2796617514
-3211974.77469777, -5398652.849959174, 1100108.4339449583
-3188323.53427196, -5412654.158824248, 1100109.590847239
-3164611.2609231276, -5426551.853462253, 1100110.7503464287
-3140838.4085740717, -5440345.6678303685, 1100111.9124203352
-3117005.4323075395, -5454035.337874159, 1100113.077046696
-3093112.7883567754, -5467620.601533078, 1100114.2442032015
-3069160.9340974735, -5481101.198745089, 1100115.4138675043
-3045150.3280390208, -5494476.87145169, 1100116.5860172054
-3021081.42981493, -5507747.363603192, 1100117.7606298495
-2996954.7001750795, -5520912.421163168, 1100118.9376829509
-2972770.6009763996, -5533971.792113453, 1100120.1171539593
-2948529.595173666, -5546925.226459319, 1100121.2990202894
-2924232.1468114, -5559772.476233724, 1100122.4832593044
-2899878.721014203, -5572513.2955025155, 1100123.66984832
-2875469.783978645, -5585147.440368767, 1100124.8587646186
-2851005.802963956, -5597674.668977575, 1100126.0499854302
-2826487.2462825794, -5610094.741520988, 1100127.2434879346
-2801914.5832923376, -5622407.42024203, 1100128.439249279
-2777288.2843862553, -5634612.469439799, 1100129.6372465566
-2752608.8209843417, -5646709.65547367, 1100130.8374568308
-2727876.665524577, -5658698.74676769, 1100132.0398571119
-2703092.291453049, -5670579.513815429, 1100133.244424373
-2678256.1732160468, -5682351.729183855, 1100134.451135547
-2653368.7862500474, -5694015.167518057, 1100135.6599675138
-2628430.6069730725, -5705569.605545421, 1100136.8708971357
-2603442.11277551, -5717014.822079882, 1100138.083901208
-2578403.7820106153, -5728350.598026335, 1100139.2989565022
-2553316.093986157, -5739576.7163844835, 1100140.5160397561
-2528179.5289544044, -5750692.962253341, 1100141.7351276567
-2502994.568103371, -5761699.122835152, 1100142.9561968492
-2477761.6935475045, -5772594.987439539, 1100144.17922395
-2452481.3883185415, -5783380.347487476, 1100145.4041855428
-2427154.1363558583, -5794054.996515465, 1100146.6310581677
-2401780.422498106, -5804618.730179081, 1100147.8598183189
-2376360.7324726935, -5815071.346257446, 1100149.0904424647
-2350895.552887638, -5825412.644656561, 1100150.3229070408
-2325385.371221772, -5835642.427413414, 1100151.5571884438
-2299830.675815059, -5845760.498699843, 1100152.7932630265
-2274231.9558595927, -5855766.664826187, 1100154.0311071249
-2248589.701390726, -5865660.734244771, 1100155.2706970265
-2222904.403276521, -5875442.517554058, 1100156.512008992
-2197176.5532096922, -5885111.827501701, 1100157.7550192475
-2171406.6436968483, -5894668.478988739, 1100158.9997039866
-2145595.168050305, -5904112.289072632, 1100160.2460390767
-2119742.620377917, -5913443.076970829, 1100161.4940012293
-2093849.4955735155, -5922660.6640646905, 1100162.7435662625
-2067916.2893079766, -5931764.873902356, 1100163.9947102312
-2041943.4980193728, -5940755.532202401, 1100165.2474091845
-2015931.6189035494, -5949632.4668570915, 1100166.501639124
-1989881.149904612, -5958395.507935705, 1100167.7573760254
-1963792.5897053904, -5967044.487687801, 1100169.0145958485
-1937666.4377178852, -5975579.240546371, 1100170.2732745
-1911503.1940738093, -5983999.603131043, 1100171.5333878892
-1885303.3596146584, -5992305.414251297, 1100172.7949118726
-1859067.4358826368, -6000496.514909371, 1100174.0578222843
-1832795.9251107252, -6008572.748303442, 1100175.3220949536
-1806489.3302131458, -6016533.959830553, 1100176.5877056513
-1780148.1547757282, -6024379.99708965, 1100177.854630148
-1753772.9030463616, -6032110.709884398, 1100179.1228441726
-1727364.0799250084, -6039725.950226201, 1100180.39232344
-1700922.1909545308, -6047225.572336865, 1100181.6630436368
-1674447.7423106912, -6054609.432651487, 1100182.9349804185
-1647941.2407926272, -6061877.389821196, 1100184.2081094347
-1621403.1938127098, -6069029.304715898, 1100185.482406295
-1594834.1093877992, -6076065.040426747, 1100186.7578465967
-1568234.4961283742, -6082984.462269067, 1100188.0344059113
-1541604.8632293344, -6089787.4377847565, 1100189.3120597908
-1514945.7204606729, -6096473.836744705, 1100190.5907837637
-1488257.578157018, -6103043.531151526, 1100191.8705533352
-1461540.947207989, -6109496.3952419255, 1100193.1513440087
-1434796.339048879, -6115832.305489, 1100194.4331312347
-1408024.2656502193, -6122051.140604783, 1100195.7158904755
-1381225.2395085576, -6128152.781542402, 1100196.999597162
-1354399.773636405, -6134137.111498423, 1100198.2842267063
-1327548.3815521374, -6140004.015915157, 1100199.5697545093
-1300671.5772707015, -6145753.382482715, 1100200.8561559375
-1273769.8752934218, -6151385.101141283, 1100202.1434063707
-1246843.7905983205, -6156899.064083105, 1100203.4314811397
-1219893.8386300034, -6162295.165754698, 1100204.7203555834
-1192920.5352899758, -6167573.302858766, 1100206.0100050075
-1165924.3969269197, -6172733.3743561795, 1100207.3004047293
-1138905.940326559, -6177775.28146794, 1100208.5915300148
-1111865.6827018675, -6182698.9276770875, 1100209.883356155
-1084804.1416832353, -6187504.218730452, 1100211.1758583812
-1057721.835308295, -6192191.06264064, 1100212.4690119652
-1030619.2820122053, -6196759.369687625, 1100213.7627921235
-1003497.0006179614, -6201209.052420514, 1100215.057174081
-976355.5103258706, -6205540.025659274, 1100216.3521330506
-949195.330704211, -6209752.206496291, 1100217.647644232
-922016.9816790409, -6213845.514297966, 1100218.9436828038
-894820.9835240409, -6217819.870706339, 1100220.2402239451
-867607.8568508481, -6221675.199640499, 1100221.5372428326
-840378.1225989044, -6225411.427298088, 1100222.834714611
-813132.3020257386, -6229028.482156672, 1100224.132614444
-785870.9166968167, -6232526.2949751355, 1100225.4309174623
-758594.4884753104, -6235904.79879505, 1100226.729598811
-731303.5395126061, -6239163.928941867, 1100228.0286336113
-703998.5922381559, -6242303.623026201, 1100229.3279969804
-676680.1693488471, -6245323.820945078, 1100230.6276640305
-649348.7938001491, -6248224.464882973, 1100231.9276098702
-622004.9887950472, -6251005.49931303, 1100233.227809607
-594649.2777747221, -6253666.870998025, 1100234.5282383384
-567282.1844082733, -6256208.528991434, 1100235.8288711514
-539904.2325823827, -6258630.424638522, 1100237.1296827625
-512515.946392162, -6260932.511576905, 1100238.4306490058
-485117.8501298187, -6263114.745737927, 1100239.7317445884
-457710.4682759102, -6265177.085347192, 1100241.0329445917
-430294.325488757, -6267119.490925405, 1100242.3342240937
-402869.9465938661, -6268941.925289228, 1100243.635558173
-375437.8565749177, -6270644.353551877, 1100244.936921902
-347998.5805631383, -6272226.743123841, 1100246.2382903565
-320552.6438271286, -6273689.063713515, 1100247.5396386106
-293100.5717631796, -6275031.287327766, 1100248.8409417393
-265642.8898846598, -6276253.388272494, 1100250.1421748223
-238180.1238127854, -6277355.34315306, 1100251.4433129327
-210712.7992660038, -6278337.1308748, 1100252.7443311522
-183241.4420497654, -6279198.732643396, 1100254.0452045584
-155766.5780471516, -6279940.131965247, 1100255.3459082404
-128288.7332078458, -6280561.314647789, 1100256.6464172835
-100808.4335388594, -6281062.268799756, 1100257.9467067858
-73326.2050944657, -6281442.984831393, 1100259.246751829
-45842.5739652388, -6281703.455454663, 1100260.546527519
-18358.0662691286, -6281843.67568341, 1100261.8460089685
9126.7918592134, -6281863.642833396, 1100263.1451712772
36611.4742785162, -6281763.356522384, 1100264.443989572
64095.4548510635, -6281542.818670149, 1100265.7424389636
91578.2074522906, -6281202.033498444, 1100267.0404946003
119059.2059813302, -6280741.007530888, 1100268.3381316056
146537.9243706195, -6280159.749592881, 1100269.6353251254
174013.8365965141, -6279458.270811431, 1100270.9320503334
201486.4166889897, -6278636.584614869, 1100272.2282823613
228955.1387417404, -6277694.706732739, 1100273.523996411
256419.4769226497, -6276632.655195327, 1100274.8191676522
283878.9054829977, -6275450.450333434, 1100276.113771269
311332.8987684046, -6274148.114777956, 1100277.407782482
338780.9312284484, -6272725.67345944, 1100278.7011765009
366222.4774268206, -6271183.153607612, 1100279.99392856
393657.0120513573, -6269520.584750834, 1100281.2860138835
421084.0099240475, -6267737.998715575, 1100282.5774077252
448502.9460114208, -6265835.429625808, 1100283.8680853667
475913.2954341578, -6263812.913902308, 1100285.1580220815
503314.5334770266, -6261670.49026198, 1100286.4471931402
530706.1355998651, -6259408.199717147, 1100287.7355738813
558087.5774462391, -6257026.085574715, 1100289.0231396127
585458.3348548454, -6254524.193435392, 1100290.3098656805
612817.8838685415, -6251902.571192734, 1100291.595727426
640165.7007447707, -6249161.269032365, 1100292.8807002325
667501.2619659007, -6246300.339430857, 1100294.1647594888
694824.0442483756, -6243319.837154865, 1100295.4478805913
722133.5245535483, -6240219.819260004, 1100296.7300389735
749429.1800975706, -6237000.345089728, 1100298.0112100663
776710.4883609861, -6233661.476274281, 1100299.2913693422
803976.9270989834, -6230203.276729483, 1100300.570492277
831227.9743516633, -6226625.812655443, 1100301.8485543653
858463.1084535008, -6222929.152535384, 1100303.1255311342
885681.808043676, -6219113.367134275, 1100304.4013981214
912883.5520759947, -6215178.529497539, 1100305.6761309002
940067.8198286432, -6211124.714949566, 1100306.9497050354
967234.0909149882, -6206952.001092274, 1100308.2220961498
994381.845292011, -6202660.467803775, 1100309.4932798613
1021510.563271868, -6198250.197236641, 1100310.7632318335
1048619.725530788, -6193721.273816472, 1100312.0319277346
1075708.8131193328, -6189073.784240231, 1100313.2993432619
1102777.3074726637, -6184307.8174746055, 1100314.5654537082
1129824.690419701, -6179423.464754182, 1100315.8302356936
1156850.4441938666, -6174420.819579909, 1100317.0936645465
1183854.0514425896, -6169299.977717161, 1100318.3557160776
1210834.9952370794, -6164061.0371939745, 1100319.6163661098
1237792.7590824775, -6158704.098299134, 1100320.8755905032
1264726.8269276535, -6153229.26358023, 1100322.1333651235
1291636.683175002, -6147636.637841781, 1100323.3896658905
1318521.8126905754, -6141926.328143115, 1100324.6444687368
1345381.7008136027, -6136098.443796439, 1100325.897749639
1372215.8333668374, -6130153.096364582, 1100327.1494845822
1399023.696665654, -6124090.3996590655, 1100328.3996495893
1425804.7775283675, -6117910.469737813, 1100329.6482207114
1452558.5632862623, -6111613.424902869, 1100330.895174045
1479284.5417927834, -6105199.385698297, 1100332.1404856993
1505982.2014339375, -6098668.474907697, 1100333.38413182
1532651.0311378515, -6092020.81755195, 1100334.6260885866
1559290.5203842712, -6085256.540886868, 1100335.8663322143
1585900.1592149613, -6078375.774400623, 1100337.104838945
1612479.438242759, -6071378.649811419, 1100338.3415850522
1639027.8486619373, -6064265.301064848, 1100339.5765468609
1665544.8822576026, -6057035.864331372, 1100340.8097006967
1692030.0314155093, -6049690.478003755, 1100342.0410229554
1718482.7891317592, -6042229.282694342, 1100343.2704900373
1744902.649022626, -6034652.421232409, 1100344.4980784077
1771289.105333875, -6026960.038661479, 1100345.7237645462
1797641.6529510613, -6019152.282236395, 1100346.947524975
1823959.7874084269, -6011229.30142073, 1100348.1693362575
1850243.0048994934, -6003191.247883624, 1100349.389174982
1876490.8022858566, -5995038.275497159, 1100350.6070177965